119 2003 78
0 2
1 4
2 2
3 3
4 2
5 1
6 3
7 4
8 3
9 5
10 4
11 2
12 2
13 5
14 1
15 5
16 5
17 1
18 4
19 3
20 5
21 5
22 2
23 2
24 1
25 4
26 1
27 1
28 4
29 2
30 2
31 5
32 4
33 3
34 2
35 4
36 3
37 1
38 2
39 4
40 4
41 5
42 5
43 1
44 2
45 1
46 3
47 3
48 5
49 5
50 1
51 2
52 5
53 2
54 5
55 3
56 3
57 2
58 5
59 5
60 4
61 1
62 5
63 5
64 5
65 5
66 2
67 3
68 3
69 2
70 2
71 4
72 3
73 5
74 5
75 4
76 3
77 1
78 2
79 4
80 1
81 3
82 4
83 4
84 3
85 4
86 3
87 1
88 3
89 2
90 5
91 2
92 1
93 4
94 4
95 4
96 1
97 4
98 4
99 4
100 5
101 4
102 4
103 1
104 5
105 5
106 5
107 3
108 4
109 2
110 5
111 2
112 3
113 5
114 3
115 1
116 1
117 1
118 1
0 61 114 4
1 88 104 2
2 97 65 3
3 115 93 1
4 35 24 2
5 34 54 1
6 90 118 2
7 112 84 3
8 66 117 3
9 41 93 2
10 78 116 2
11 117 96 3
12 74 89 2
13 17 59 3
14 99 56 3
15 113 24 3
16 43 80 4
17 54 86 5
18 90 68 3
19 82 46 3
20 95 0 1
21 35 18 4
22 57 109 4
23 32 113 1
24 61 58 1
25 10 66 4
26 109 67 4
27 83 57 1
28 18 5 1
29 53 47 2
30 23 2 3
31 63 93 4
32 96 64 5
33 39 109 3
34 76 33 1
35 28 85 4
36 28 87 1
37 39 85 4
38 46 29 2
39 15 37 2
40 100 81 5
41 103 9 5
42 112 90 1
43 80 9 2
44 116 4 3
45 108 43 1
46 109 63 2
47 67 91 4
48 17 112 3
49 12 59 3
50 25 92 5
51 55 112 2
52 65 114 2
53 50 72 3
54 35 98 4
55 42 32 1
56 88 4 1
57 64 99 3
58 9 64 5
59 15 41 3
60 49 18 4
61 48 49 3
62 102 61 2
63 69 39 2
64 89 24 1
65 95 31 1
66 38 58 2
67 17 118 1
68 79 37 1
69 63 44 3
70 101 83 5
71 23 25 1
72 20 76 5
73 110 38 1
74 52 81 2
75 18 108 3
76 18 2 4
77 49 65 2
78 38 17 4
79 74 94 2
80 101 107 1
81 57 115 5
82 3 6 1
83 52 35 4
84 72 56 2
85 98 40 4
86 108 100 4
87 97 114 4
88 87 5 2
89 118 57 3
90 9 87 1
91 91 76 2
92 94 73 1
93 23 64 1
94 38 92 5
95 99 108 3
96 39 49 2
97 76 116 2
98 64 82 1
99 14 86 4
100 50 24 4
101 68 25 5
102 4 1 4
103 20 92 4
104 92 1 5
105 34 13 2
106 98 38 2
107 48 6 1
108 40 4 2
109 14 47 1
110 94 53 1
111 59 117 1
112 12 42 5
113 15 11 5
114 85 106 4
115 73 64 4
116 78 90 5
117 9 30 1
118 100 10 1
119 112 70 3
120 89 12 3
121 107 21 5
122 83 2 4
123 110 5 3
124 109 118 5
125 107 32 1
126 61 26 4
127 55 42 2
128 107 68 5
129 11 87 3
130 101 88 3
131 87 33 2
132 52 38 4
133 9 52 5
134 48 100 2
135 53 53 3
136 59 109 1
137 106 59 5
138 25 56 2
139 45 75 1
140 81 67 1
141 8 111 3
142 101 13 3
143 17 0 2
144 23 34 4
145 49 69 5
146 72 14 1
147 106 88 2
148 82 103 1
149 46 24 4
150 75 113 5
151 49 109 3
152 78 13 3
153 41 102 1
154 60 94 5
155 47 66 5
156 105 111 4
157 6 51 3
158 1 34 5
159 116 42 3
160 118 101 4
161 89 2 2
162 5 74 5
163 84 70 1
164 24 71 3
165 108 72 3
166 5 5 2
167 100 41 4
168 1 58 4
169 74 24 5
170 90 46 4
171 102 84 1
172 47 79 5
173 92 90 3
174 82 58 3
175 82 81 2
176 103 6 4
177 53 22 5
178 27 72 2
179 31 108 1
180 46 104 2
181 72 39 5
182 75 6 3
183 70 16 3
184 45 74 5
185 116 112 2
186 80 112 4
187 109 5 3
188 61 84 2
189 107 72 1
190 71 55 2
191 80 5 4
192 116 67 4
193 77 35 3
194 112 77 4
195 108 1 3
196 101 95 2
197 2 17 5
198 95 13 1
199 3 12 1
200 30 30 5
201 89 98 3
202 80 93 2
203 82 68 4
204 110 96 3
205 56 91 5
206 116 100 2
207 111 88 1
208 30 37 5
209 38 47 1
210 55 60 2
211 34 55 4
212 110 86 5
213 78 74 4
214 68 64 3
215 25 63 1
216 25 12 4
217 18 93 1
218 107 48 4
219 99 16 4
220 16 58 1
221 105 80 2
222 112 68 3
223 79 58 5
224 32 18 1
225 9 82 4
226 100 88 1
227 108 85 5
228 103 59 2
229 6 26 1
230 20 53 3
231 14 53 5
232 101 6 4
233 30 114 2
234 78 105 2
235 112 10 3
236 1 89 1
237 83 89 4
238 8 112 4
239 94 52 2
240 113 3 3
241 53 5 3
242 71 63 2
243 35 22 3
244 4 11 5
245 85 96 5
246 116 1 4
247 22 23 5
248 114 70 4
249 18 106 3
250 81 96 1
251 104 78 3
252 9 58 5
253 60 91 5
254 63 95 2
255 47 107 5
256 104 68 5
257 99 4 1
258 49 0 4
259 115 110 5
260 11 52 3
261 99 66 5
262 47 60 3
263 81 31 5
264 14 14 3
265 18 112 5
266 54 38 1
267 35 59 1
268 18 34 1
269 7 27 3
270 81 74 4
271 66 33 2
272 114 37 2
273 66 9 2
274 17 35 4
275 34 42 4
276 51 30 5
277 57 18 2
278 42 0 4
279 79 79 5
280 21 13 2
281 57 53 4
282 32 1 1
283 117 85 2
284 85 35 4
285 78 17 4
286 102 3 3
287 14 11 2
288 106 107 4
289 109 38 2
290 34 80 3
291 17 48 1
292 65 70 2
293 82 26 3
294 27 1 2
295 6 87 5
296 89 118 1
297 9 17 1
298 77 115 4
299 59 110 4
300 65 117 1
301 38 1 3
302 9 117 3
303 9 77 2
304 64 18 4
305 66 55 1
306 41 44 2
307 82 20 5
308 6 67 2
309 99 47 3
310 13 46 4
311 53 39 3
312 34 75 5
313 14 115 5
314 59 88 3
315 55 59 4
316 6 106 4
317 96 66 3
318 114 76 1
319 101 101 1
320 4 16 4
321 0 40 4
322 112 19 5
323 75 91 3
324 102 7 2
325 83 41 4
326 99 9 3
327 53 24 1
328 28 90 2
329 2 72 2
330 53 17 2
331 39 8 1
332 114 1 5
333 23 108 4
334 3 118 2
335 73 69 5
336 96 96 3
337 36 20 1
338 30 99 5
339 114 10 4
340 81 75 5
341 74 14 4
342 79 41 5
343 55 97 4
344 110 117 4
345 26 31 2
346 114 27 3
347 8 91 4
348 70 111 5
349 91 94 2
350 10 106 3
351 12 71 1
352 3 89 5
353 88 99 2
354 37 76 3
355 11 109 2
356 72 28 3
357 71 95 1
358 77 13 2
359 26 15 2
360 57 6 1
361 26 57 1
362 70 67 1
363 48 30 4
364 58 48 5
365 55 116 3
366 101 17 4
367 84 45 1
368 17 113 2
369 45 45 4
370 62 92 3
371 83 104 4
372 33 14 5
373 42 98 1
374 8 77 1
375 116 58 3
376 108 2 2
377 54 32 4
378 16 56 5
379 61 30 2
380 100 87 5
381 114 42 5
382 21 23 2
383 106 40 4
384 2 100 2
385 55 102 1
386 12 81 2
387 113 103 3
388 55 40 2
389 28 29 4
390 98 46 1
391 107 92 2
392 86 36 2
393 57 29 5
394 40 58 1
395 99 17 5
396 100 15 5
397 45 52 2
398 10 25 5
399 75 66 5
400 28 39 5
401 15 2 4
402 43 99 5
403 47 56 2
404 8 48 2
405 43 17 1
406 58 93 3
407 83 43 4
408 31 57 1
409 20 56 4
410 112 99 3
411 53 55 4
412 110 93 3
413 27 70 1
414 27 55 3
415 82 63 4
416 28 96 4
417 106 21 5
418 32 53 4
419 92 58 4
420 103 84 4
421 52 75 5
422 51 4 1
423 35 107 4
424 62 11 4
425 63 23 3
426 17 23 4
427 72 79 1
428 115 49 1
429 80 62 3
430 102 37 1
431 11 82 1
432 64 81 3
433 104 101 3
434 87 99 1
435 43 7 2
436 110 39 4
437 40 113 4
438 27 35 1
439 26 101 2
440 8 101 4
441 101 28 3
442 96 113 1
443 105 110 5
444 111 79 1
445 57 35 5
446 99 110 4
447 62 64 5
448 51 1 1
449 8 34 4
450 75 24 5
451 61 83 3
452 29 26 5
453 55 107 2
454 57 85 3
455 27 8 4
456 57 65 2
457 79 112 2
458 111 104 1
459 102 93 5
460 84 56 2
461 49 103 5
462 113 76 3
463 95 81 4
464 62 70 4
465 72 99 5
466 115 21 2
467 7 110 5
468 26 80 1
469 57 32 2
470 23 87 1
471 94 66 5
472 20 31 4
473 82 3 5
474 22 77 4
475 76 72 4
476 74 44 3
477 46 47 1
478 52 90 1
479 107 105 5
480 61 36 5
481 28 61 1
482 27 17 3
483 29 22 1
484 89 31 5
485 107 26 1
486 62 63 2
487 118 59 2
488 53 0 1
489 46 64 1
490 19 106 4
491 92 108 1
492 51 80 3
493 67 96 3
494 90 101 4
495 91 54 1
496 10 44 1
497 30 116 3
498 25 81 3
499 2 81 1
500 1 57 1
501 82 99 5
502 44 23 3
503 38 2 4
504 96 5 1
505 27 30 1
506 101 103 2
507 98 12 1
508 15 94 3
509 34 48 4
510 60 48 1
511 100 25 1
512 85 110 1
513 3 45 1
514 112 89 3
515 41 52 3
516 56 109 1
517 29 108 1
518 30 89 1
519 8 6 2
520 8 60 3
521 90 42 2
522 22 38 2
523 71 94 5
524 111 51 5
525 66 113 3
526 109 78 3
527 31 61 4
528 14 29 5
529 80 61 4
530 11 20 3
531 9 26 4
532 47 80 1
533 42 93 5
534 83 97 3
535 29 76 1
536 66 56 1
537 16 101 3
538 20 33 4
539 48 117 4
540 11 17 2
541 36 116 3
542 76 26 2
543 76 79 5
544 29 9 3
545 101 31 2
546 87 57 3
547 90 80 5
548 29 61 5
549 10 104 2
550 76 103 1
551 31 18 2
552 94 27 3
553 101 10 1
554 89 77 4
555 44 89 4
556 91 108 2
557 48 4 4
558 68 12 4
559 57 25 1
560 8 93 4
561 64 22 1
562 83 86 1
563 82 111 5
564 89 78 4
565 80 11 4
566 111 69 1
567 28 36 2
568 105 89 4
569 47 21 2
570 110 95 3
571 10 36 5
572 113 118 5
573 42 40 2
574 108 33 4
575 67 71 1
576 69 58 3
577 15 83 4
578 58 12 4
579 118 95 1
580 82 57 1
581 33 30 1
582 78 71 1
583 48 95 4
584 118 104 5
585 14 105 1
586 82 34 1
587 6 38 4
588 67 4 3
589 118 75 3
590 79 113 5
591 1 45 3
592 20 13 5
593 3 66 5
594 106 15 4
595 91 35 2
596 2 19 2
597 66 12 3
598 70 5 1
599 33 65 4
600 15 85 1
601 23 118 1
602 78 15 2
603 59 50 4
604 38 115 2
605 64 31 1
606 4 38 5
607 45 110 2
608 28 35 4
609 37 116 2
610 17 12 4
611 95 62 2
612 54 73 5
613 83 40 5
614 95 12 2
615 63 22 5
616 56 118 1
617 22 118 1
618 73 100 5
619 4 24 2
620 89 85 2
621 32 31 3
622 50 78 4
623 68 94 2
624 94 5 3
625 56 54 1
626 21 110 2
627 68 97 1
628 16 9 1
629 11 65 2
630 65 112 1
631 76 8 4
632 46 97 5
633 111 22 5
634 16 111 5
635 108 89 3
636 45 35 1
637 109 25 3
638 24 84 1
639 1 67 4
640 87 27 4
641 111 110 3
642 100 77 4
643 58 5 2
644 115 89 5
645 64 39 1
646 21 100 2
647 87 101 3
648 22 43 3
649 49 5 5
650 35 2 2
651 88 23 2
652 96 104 3
653 113 80 3
654 111 14 5
655 78 98 4
656 108 73 2
657 27 23 5
658 2 4 3
659 58 14 5
660 112 92 3
661 63 70 4
662 25 47 1
663 114 25 4
664 103 33 2
665 45 53 1
666 91 112 5
667 43 77 1
668 2 59 1
669 31 55 1
670 47 36 4
671 42 69 1
672 29 45 1
673 46 30 2
674 39 105 1
675 41 27 1
676 12 80 4
677 76 112 5
678 22 93 1
679 3 44 5
680 22 27 4
681 96 6 2
682 17 105 4
683 29 39 1
684 5 28 3
685 68 68 2
686 77 91 1
687 66 74 4
688 84 60 4
689 63 63 2
690 31 41 2
691 97 39 4
692 35 115 5
693 111 94 3
694 32 101 1
695 3 74 5
696 96 60 3
697 77 101 1
698 22 6 4
699 60 108 4
700 24 52 4
701 97 33 2
702 41 43 1
703 65 42 2
704 109 32 1
705 62 40 4
706 69 62 3
707 23 68 3
708 118 53 5
709 45 46 2
710 13 16 5
711 20 52 4
712 34 76 2
713 65 107 5
714 53 105 5
715 57 13 1
716 33 100 5
717 83 53 3
718 104 100 3
719 101 108 5
720 1 28 3
721 68 81 5
722 44 18 2
723 85 32 2
724 61 108 4
725 77 71 1
726 82 48 3
727 47 26 1
728 93 53 1
729 74 54 4
730 46 60 5
731 68 116 1
732 79 69 4
733 39 10 4
734 53 60 2
735 98 6 4
736 98 104 3
737 90 32 2
738 31 9 5
739 82 79 1
740 23 31 4
741 102 44 2
742 19 79 5
743 114 66 3
744 87 32 2
745 62 98 1
746 111 93 1
747 86 59 2
748 26 77 4
749 72 13 2
750 36 18 5
751 17 68 1
752 33 58 4
753 15 71 2
754 38 13 3
755 50 91 2
756 102 97 4
757 105 79 5
758 101 106 5
759 68 49 1
760 3 72 5
761 7 26 4
762 2 113 1
763 106 79 3
764 88 8 1
765 9 21 4
766 82 102 1
767 12 28 4
768 45 17 5
769 15 30 4
770 113 73 1
771 26 44 1
772 70 53 2
773 42 102 2
774 28 114 1
775 9 96 4
776 9 113 3
777 1 37 1
778 12 34 2
779 32 50 5
780 117 2 1
781 71 68 1
782 30 91 3
783 90 8 2
784 48 106 3
785 46 81 4
786 74 9 3
787 115 100 4
788 12 117 1
789 75 27 3
790 54 1 3
791 30 28 4
792 64 29 3
793 90 74 2
794 111 17 1
795 85 6 5
796 14 48 2
797 68 102 5
798 75 5 1
799 15 116 5
800 83 13 2
801 89 48 2
802 1 115 3
803 36 46 1
804 90 57 4
805 55 6 3
806 30 11 5
807 84 26 5
808 12 7 4
809 100 91 2
810 92 89 5
811 54 54 3
812 86 109 2
813 81 77 3
814 74 2 5
815 5 32 4
816 14 75 5
817 79 109 2
818 27 4 3
819 46 89 4
820 56 102 2
821 78 97 4
822 33 5 1
823 33 2 1
824 62 35 2
825 74 110 2
826 76 90 4
827 14 113 5
828 23 111 4
829 46 107 2
830 112 53 2
831 78 28 5
832 14 6 2
833 71 5 2
834 29 43 1
835 67 83 1
836 3 101 1
837 99 21 1
838 94 28 1
839 72 15 5
840 14 103 5
841 27 104 3
842 78 26 2
843 25 14 4
844 26 20 3
845 31 36 1
846 64 115 1
847 65 3 5
848 16 20 1
849 95 73 4
850 15 46 5
851 19 97 3
852 14 21 3
853 111 2 1
854 44 79 5
855 24 25 5
856 90 4 3
857 44 30 4
858 110 50 3
859 90 117 4
860 8 68 1
861 29 18 4
862 12 79 5
863 12 30 5
864 111 44 4
865 77 108 2
866 7 46 4
867 25 32 4
868 97 110 4
869 15 57 5
870 109 37 4
871 50 28 4
872 9 111 5
873 83 55 4
874 7 96 3
875 34 49 4
876 94 67 1
877 97 79 2
878 51 107 5
879 81 111 3
880 53 43 4
881 113 102 4
882 105 6 1
883 32 78 5
884 59 29 5
885 41 7 2
886 36 1 2
887 93 23 5
888 47 96 4
889 54 3 2
890 41 69 5
891 77 117 3
892 71 56 1
893 81 108 5
894 17 17 5
895 95 113 3
896 10 91 2
897 56 103 5
898 113 77 2
899 50 39 2
900 104 75 5
901 41 65 3
902 98 95 3
903 78 81 2
904 110 35 5
905 9 54 1
906 84 30 5
907 112 86 5
908 43 18 5
909 71 28 3
910 24 117 2
911 52 92 4
912 116 99 2
913 34 86 4
914 115 106 3
915 72 42 2
916 6 37 4
917 87 114 4
918 60 11 3
919 58 88 4
920 68 62 1
921 97 18 3
922 77 28 1
923 82 104 5
924 83 7 1
925 13 51 3
926 28 8 2
927 52 115 2
928 58 87 5
929 22 99 2
930 112 9 1
931 37 72 1
932 88 20 3
933 85 93 1
934 20 113 4
935 60 19 2
936 68 106 3
937 34 11 3
938 70 0 2
939 10 88 5
940 96 19 1
941 81 36 5
942 33 112 5
943 47 110 2
944 16 45 5
945 41 32 5
946 15 115 1
947 115 107 2
948 93 39 5
949 63 28 4
950 38 29 5
951 80 40 3
952 75 93 3
953 114 107 4
954 69 46 1
955 99 11 5
956 35 95 1
957 42 101 1
958 60 20 3
959 85 33 5
960 3 60 1
961 58 15 4
962 16 40 3
963 71 51 2
964 48 59 3
965 61 13 4
966 112 37 4
967 39 40 1
968 53 23 4
969 50 22 3
970 87 109 4
971 91 17 3
972 80 108 5
973 84 53 3
974 66 15 3
975 26 13 1
976 111 100 3
977 59 93 4
978 10 32 4
979 43 90 5
980 117 40 3
981 91 46 3
982 114 81 1
983 57 36 1
984 44 97 1
985 3 39 1
986 70 104 4
987 102 104 3
988 15 47 2
989 61 53 2
990 48 70 2
991 55 91 1
992 91 24 4
993 21 114 3
994 80 8 2
995 101 20 5
996 68 52 2
997 112 7 3
998 41 23 1
999 0 80 2
1000 15 65 4
1001 7 33 2
1002 7 109 1
1003 40 118 5
1004 65 99 5
1005 30 16 2
1006 111 80 2
1007 3 32 5
1008 112 60 3
1009 13 58 4
1010 19 91 2
1011 14 80 1
1012 109 30 4
1013 15 33 5
1014 66 73 1
1015 10 41 2
1016 19 85 2
1017 103 39 2
1018 70 15 3
1019 102 74 5
1020 94 10 5
1021 11 9 1
1022 74 86 5
1023 31 8 2
1024 21 61 2
1025 44 28 3
1026 70 80 1
1027 107 66 2
1028 33 118 3
1029 106 12 3
1030 6 25 1
1031 84 10 4
1032 113 12 1
1033 80 68 5
1034 91 42 5
1035 62 110 3
1036 8 61 3
1037 115 71 3
1038 102 30 5
1039 58 76 5
1040 43 89 4
1041 79 53 2
1042 115 81 4
1043 69 81 5
1044 105 27 1
1045 69 88 3
1046 29 75 1
1047 5 38 3
1048 116 19 1
1049 68 91 2
1050 68 87 5
1051 87 90 1
1052 37 95 4
1053 18 22 2
1054 49 87 1
1055 43 39 3
1056 62 36 1
1057 53 11 4
1058 78 117 3
1059 59 38 4
1060 118 26 1
1061 96 99 2
1062 66 22 4
1063 49 11 2
1064 22 72 5
1065 90 81 2
1066 10 99 2
1067 74 21 2
1068 94 86 4
1069 25 27 4
1070 111 13 5
1071 17 25 2
1072 37 107 2
1073 75 63 2
1074 91 47 2
1075 15 80 4
1076 66 54 5
1077 16 32 1
1078 89 111 5
1079 23 67 2
1080 1 104 5
1081 61 3 4
1082 65 89 4
1083 79 48 4
1084 83 112 3
1085 83 83 2
1086 100 79 2
1087 48 32 1
1088 1 78 3
1089 84 43 5
1090 95 103 4
1091 111 115 3
1092 82 117 2
1093 77 77 3
1094 10 42 5
1095 89 45 4
1096 109 111 3
1097 49 94 2
1098 13 8 4
1099 46 83 1
1100 37 3 3
1101 84 110 1
1102 9 28 5
1103 73 23 4
1104 95 29 5
1105 59 65 1
1106 45 95 1
1107 83 49 2
1108 89 99 3
1109 115 24 1
1110 101 63 3
1111 88 73 4
1112 55 103 3
1113 113 81 5
1114 59 16 1
1115 49 89 2
1116 92 66 4
1117 60 33 4
1118 97 116 2
1119 46 70 4
1120 86 85 5
1121 7 34 2
1122 92 103 4
1123 12 16 3
1124 34 115 1
1125 82 47 2
1126 31 114 1
1127 46 46 3
1128 42 19 5
1129 103 37 3
1130 19 113 5
1131 27 38 3
1132 65 55 4
1133 68 54 1
1134 106 23 5
1135 26 94 3
1136 31 111 4
1137 93 101 2
1138 38 23 1
1139 6 102 3
1140 85 63 4
1141 38 49 5
1142 23 47 1
1143 82 5 3
1144 3 35 5
1145 73 105 3
1146 35 76 4
1147 43 115 3
1148 87 103 4
1149 35 56 3
1150 24 76 2
1151 12 50 1
1152 63 74 2
1153 57 107 5
1154 33 95 1
1155 40 65 1
1156 36 94 2
1157 13 108 3
1158 44 1 5
1159 27 28 4
1160 5 89 3
1161 51 37 2
1162 9 38 5
1163 38 11 3
1164 56 98 5
1165 37 91 3
1166 62 38 5
1167 23 85 2
1168 100 6 3
1169 110 106 4
1170 92 11 3
1171 17 72 5
1172 40 47 3
1173 17 33 2
1174 109 14 4
1175 82 72 2
1176 94 77 4
1177 84 8 5
1178 109 69 5
1179 1 60 4
1180 109 53 2
1181 15 3 4
1182 25 118 5
1183 104 85 2
1184 51 60 5
1185 92 4 3
1186 64 50 3
1187 79 64 5
1188 27 48 3
1189 66 78 2
1190 111 77 4
1191 67 103 1
1192 35 44 3
1193 15 93 3
1194 16 82 1
1195 37 60 2
1196 7 105 3
1197 25 45 5
1198 100 18 4
1199 4 17 5
1200 44 75 1
1201 20 0 4
1202 73 117 5
1203 82 116 1
1204 17 70 1
1205 83 20 2
1206 58 80 3
1207 16 88 4
1208 74 55 1
1209 30 74 4
1210 45 80 5
1211 115 109 3
1212 66 1 2
1213 98 88 3
1214 115 29 3
1215 8 98 5
1216 77 72 1
1217 23 26 5
1218 52 111 5
1219 86 61 2
1220 22 103 5
1221 37 40 1
1222 79 75 5
1223 89 55 4
1224 81 83 5
1225 48 78 2
1226 117 58 3
1227 107 0 1
1228 8 26 2
1229 85 21 2
1230 19 0 2
1231 54 29 4
1232 23 112 4
1233 52 85 4
1234 32 64 1
1235 44 112 2
1236 82 62 1
1237 68 72 2
1238 116 65 2
1239 15 6 1
1240 36 82 2
1241 85 66 2
1242 27 68 3
1243 53 63 4
1244 45 41 4
1245 92 19 4
1246 54 102 5
1247 4 113 5
1248 102 9 5
1249 42 56 1
1250 107 11 3
1251 15 25 3
1252 86 2 3
1253 28 89 4
1254 58 23 4
1255 45 60 3
1256 3 20 3
1257 46 27 3
1258 29 66 5
1259 82 4 5
1260 118 72 5
1261 16 39 5
1262 97 32 4
1263 76 67 4
1264 71 27 3
1265 15 18 1
1266 23 75 5
1267 43 60 3
1268 95 21 2
1269 10 19 2
1270 73 24 4
1271 0 50 4
1272 110 9 4
1273 53 86 4
1274 75 80 4
1275 84 19 5
1276 24 1 3
1277 79 73 3
1278 77 15 5
1279 14 56 5
1280 48 42 1
1281 10 58 2
1282 95 72 3
1283 65 74 4
1284 76 61 3
1285 97 61 5
1286 84 104 5
1287 56 97 1
1288 49 16 1
1289 31 12 1
1290 27 86 3
1291 78 36 1
1292 110 76 2
1293 39 61 2
1294 94 0 5
1295 69 96 4
1296 66 18 5
1297 11 111 5
1298 72 94 2
1299 0 64 3
1300 73 90 5
1301 14 31 4
1302 34 62 2
1303 26 62 1
1304 65 38 2
1305 21 40 1
1306 103 34 2
1307 55 8 4
1308 77 17 5
1309 104 110 3
1310 118 8 2
1311 83 14 3
1312 40 92 4
1313 91 15 3
1314 118 29 1
1315 96 114 3
1316 54 30 2
1317 15 89 4
1318 20 55 4
1319 29 89 3
1320 77 109 1
1321 41 18 3
1322 27 45 1
1323 100 49 5
1324 91 29 3
1325 75 71 5
1326 97 74 3
1327 39 68 1
1328 21 73 3
1329 42 112 5
1330 112 110 3
1331 20 38 2
1332 98 32 4
1333 7 1 5
1334 32 95 1
1335 48 81 4
1336 31 7 2
1337 21 108 3
1338 88 28 2
1339 92 94 1
1340 10 2 5
1341 76 55 5
1342 36 5 2
1343 56 116 1
1344 83 59 1
1345 16 54 4
1346 83 50 2
1347 39 83 1
1348 5 99 4
1349 10 92 5
1350 62 106 1
1351 56 59 1
1352 94 3 3
1353 36 109 1
1354 51 94 4
1355 62 22 2
1356 36 6 1
1357 3 21 5
1358 29 10 3
1359 32 83 2
1360 19 57 5
1361 98 43 1
1362 98 45 2
1363 100 118 4
1364 91 87 1
1365 113 64 5
1366 62 101 4
1367 18 0 5
1368 21 60 2
1369 48 47 3
1370 68 78 1
1371 4 15 1
1372 94 64 4
1373 91 64 4
1374 8 59 4
1375 60 83 2
1376 38 51 1
1377 54 6 2
1378 101 12 3
1379 37 9 5
1380 86 6 3
1381 89 80 4
1382 13 42 1
1383 11 1 5
1384 107 64 5
1385 65 118 3
1386 48 23 2
1387 45 33 3
1388 113 22 4
1389 103 24 1
1390 112 72 3
1391 52 103 3
1392 73 93 5
1393 76 17 5
1394 113 21 5
1395 118 70 2
1396 91 33 4
1397 35 104 2
1398 88 109 1
1399 90 72 4
1400 77 87 2
1401 96 24 3
1402 36 45 4
1403 39 106 5
1404 59 98 4
1405 21 50 2
1406 100 29 1
1407 23 79 3
1408 104 47 5
1409 4 50 3
1410 79 7 5
1411 31 73 3
1412 23 46 2
1413 22 90 4
1414 6 83 2
1415 12 36 5
1416 31 106 2
1417 48 86 5
1418 63 21 5
1419 90 96 5
1420 23 24 5
1421 8 94 5
1422 72 70 2
1423 89 10 2
1424 47 101 2
1425 77 54 2
1426 24 42 1
1427 26 38 4
1428 1 101 1
1429 9 43 4
1430 1 26 2
1431 14 76 1
1432 83 28 4
1433 24 100 1
1434 9 90 3
1435 25 2 2
1436 60 18 3
1437 36 101 3
1438 34 107 5
1439 27 67 4
1440 104 6 3
1441 17 75 2
1442 66 44 4
1443 27 11 3
1444 110 36 2
1445 93 86 4
1446 81 66 2
1447 21 34 2
1448 24 92 1
1449 84 25 2
1450 58 97 2
1451 30 106 1
1452 58 22 3
1453 20 25 2
1454 71 65 1
1455 35 69 3
1456 59 87 3
1457 87 80 5
1458 21 92 4
1459 86 40 5
1460 117 39 4
1461 38 80 3
1462 74 25 2
1463 8 57 5
1464 79 6 4
1465 86 91 4
1466 11 12 3
1467 59 9 5
1468 116 53 4
1469 62 114 4
1470 95 56 2
1471 16 113 2
1472 11 61 3
1473 67 11 3
1474 0 10 4
1475 66 60 2
1476 50 107 5
1477 110 27 5
1478 114 104 1
1479 47 12 4
1480 58 67 1
1481 98 0 3
1482 45 99 2
1483 51 95 4
1484 2 46 5
1485 38 48 5
1486 46 79 5
1487 12 96 3
1488 118 41 3
1489 44 0 3
1490 36 63 3
1491 36 27 5
1492 16 106 3
1493 68 95 3
1494 97 85 2
1495 50 3 3
1496 73 73 4
1497 102 31 1
1498 73 92 3
1499 3 73 3
1500 115 37 3
1501 106 95 2
1502 49 108 4
1503 25 70 2
1504 97 103 3
1505 20 50 5
1506 105 97 2
1507 108 47 2
1508 85 0 2
1509 97 9 5
1510 9 76 1
1511 118 82 2
1512 62 5 5
1513 97 109 5
1514 52 100 1
1515 37 113 2
1516 73 84 5
1517 76 96 1
1518 118 27 3
1519 16 69 5
1520 29 84 1
1521 80 33 2
1522 87 115 2
1523 18 11 2
1524 5 12 5
1525 46 28 2
1526 42 71 5
1527 62 41 1
1528 64 43 3
1529 11 91 5
1530 91 73 1
1531 78 4 5
1532 58 55 3
1533 63 98 5
1534 90 107 1
1535 65 64 5
1536 99 102 3
1537 43 55 2
1538 57 69 5
1539 40 34 2
1540 64 3 2
1541 52 44 4
1542 16 14 4
1543 99 19 5
1544 45 49 1
1545 114 73 5
1546 83 78 2
1547 118 112 4
1548 29 51 2
1549 56 33 4
1550 19 31 1
1551 113 85 2
1552 2 69 3
1553 61 14 5
1554 1 99 2
1555 55 64 2
1556 108 93 3
1557 19 38 5
1558 86 7 5
1559 17 66 5
1560 3 114 5
1561 112 14 3
1562 10 50 3
1563 69 104 2
1564 72 40 2
1565 83 68 4
1566 46 3 4
1567 111 29 5
1568 53 96 2
1569 87 73 3
1570 62 16 3
1571 102 76 2
1572 110 65 5
1573 42 14 4
1574 97 88 1
1575 95 60 4
1576 84 21 5
1577 61 67 5
1578 7 78 5
1579 115 7 5
1580 79 89 4
1581 18 109 2
1582 77 70 3
1583 81 80 4
1584 95 17 2
1585 50 5 5
1586 88 50 1
1587 0 59 2
1588 85 79 4
1589 3 25 5
1590 41 57 2
1591 95 53 5
1592 109 10 3
1593 48 116 1
1594 63 92 5
1595 101 102 2
1596 102 21 2
1597 35 14 5
1598 5 37 2
1599 89 64 5
1600 104 94 4
1601 59 82 2
1602 43 4 3
1603 101 96 2
1604 81 9 2
1605 9 109 1
1606 31 59 1
1607 93 38 4
1608 60 32 3
1609 83 3 1
1610 94 62 1
1611 103 7 4
1612 14 100 4
1613 14 54 3
1614 81 89 2
1615 1 13 1
1616 74 92 4
1617 8 2 5
1618 46 16 3
1619 114 33 2
1620 83 44 1
1621 63 0 2
1622 15 56 3
1623 86 23 4
1624 95 1 2
1625 44 76 1
1626 118 77 1
1627 36 48 4
1628 48 85 2
1629 104 45 1
1630 1 29 3
1631 52 33 1
1632 70 70 2
1633 108 11 1
1634 31 6 3
1635 81 24 4
1636 108 35 3
1637 22 13 1
1638 71 57 4
1639 26 106 4
1640 99 2 2
1641 25 62 4
1642 112 66 5
1643 26 97 4
1644 20 106 5
1645 50 79 1
1646 115 60 4
1647 100 76 1
1648 86 97 2
1649 54 62 3
1650 40 105 4
1651 36 60 3
1652 53 106 1
1653 52 48 2
1654 38 111 2
1655 95 36 1
1656 114 8 5
1657 92 68 2
1658 50 11 1
1659 24 33 3
1660 17 84 2
1661 59 80 2
1662 65 81 1
1663 31 109 5
1664 2 53 4
1665 45 26 1
1666 115 42 2
1667 20 87 2
1668 79 115 3
1669 13 60 1
1670 35 66 3
1671 104 76 4
1672 26 32 1
1673 5 16 2
1674 116 54 3
1675 112 16 5
1676 99 60 3
1677 27 56 3
1678 22 81 3
1679 10 45 1
1680 73 65 2
1681 37 82 3
1682 63 24 3
1683 55 4 2
1684 94 23 1
1685 51 41 1
1686 66 30 5
1687 62 14 2
1688 35 10 1
1689 12 110 2
1690 111 20 5
1691 5 76 2
1692 63 56 3
1693 115 68 3
1694 93 112 2
1695 42 5 1
1696 29 34 1
1697 41 68 1
1698 87 41 5
1699 33 18 2
1700 61 60 2
1701 112 12 3
1702 48 84 2
1703 39 94 4
1704 31 112 4
1705 9 68 3
1706 90 82 1
1707 10 23 1
1708 48 77 4
1709 34 65 1
1710 9 55 5
1711 46 12 3
1712 63 41 3
1713 117 105 3
1714 16 21 3
1715 97 41 4
1716 73 32 3
1717 14 44 3
1718 58 8 2
1719 36 117 5
1720 23 81 1
1721 94 13 1
1722 6 112 3
1723 7 60 3
1724 51 77 1
1725 94 88 2
1726 97 72 3
1727 60 23 3
1728 79 40 5
1729 110 91 4
1730 78 84 4
1731 103 19 5
1732 27 102 5
1733 74 114 4
1734 115 59 5
1735 106 76 3
1736 48 108 5
1737 62 105 2
1738 91 28 2
1739 104 57 1
1740 68 117 2
1741 94 103 1
1742 86 37 2
1743 25 4 3
1744 20 24 5
1745 101 4 5
1746 107 86 1
1747 78 58 3
1748 65 6 4
1749 100 20 5
1750 44 110 2
1751 49 98 3
1752 117 42 1
1753 38 105 2
1754 88 9 4
1755 56 49 2
1756 98 3 3
1757 44 27 3
1758 101 89 1
1759 33 4 1
1760 70 18 1
1761 114 118 2
1762 9 13 1
1763 43 42 2
1764 66 61 4
1765 45 73 4
1766 64 106 5
1767 21 28 2
1768 66 100 1
1769 45 81 1
1770 3 77 5
1771 20 108 3
1772 0 96 1
1773 97 1 1
1774 43 28 4
1775 5 60 5
1776 7 63 3
1777 30 92 1
1778 31 75 5
1779 53 40 4
1780 79 3 5
1781 25 46 1
1782 29 107 3
1783 102 77 2
1784 83 18 1
1785 24 8 1
1786 69 22 1
1787 34 17 1
1788 34 32 3
1789 118 74 1
1790 67 89 2
1791 12 29 3
1792 70 3 1
1793 88 18 5
1794 10 37 1
1795 5 85 4
1796 36 87 4
1797 84 87 5
1798 43 11 1
1799 73 80 3
1800 84 52 5
1801 53 30 4
1802 38 14 4
1803 95 27 4
1804 74 95 3
1805 69 13 3
1806 65 27 2
1807 107 7 3
1808 31 85 4
1809 59 67 4
1810 105 42 5
1811 68 24 2
1812 30 47 2
1813 28 34 5
1814 3 16 2
1815 67 2 2
1816 106 50 4
1817 83 23 1
1818 2 90 1
1819 29 67 4
1820 74 50 2
1821 10 59 1
1822 117 41 4
1823 19 83 5
1824 85 10 3
1825 4 108 4
1826 97 5 3
1827 11 11 1
1828 84 69 3
1829 72 32 4
1830 0 35 1
1831 67 72 1
1832 88 5 2
1833 60 92 5
1834 113 29 3
1835 23 74 2
1836 47 88 4
1837 21 104 5
1838 91 84 2
1839 61 45 1
1840 87 62 4
1841 89 93 5
1842 100 26 3
1843 45 77 5
1844 28 0 3
1845 1 109 4
1846 56 4 4
1847 78 93 3
1848 10 102 4
1849 92 116 2
1850 76 73 4
1851 32 105 3
1852 0 81 4
1853 44 42 5
1854 115 73 3
1855 43 104 4
1856 118 35 1
1857 6 9 2
1858 86 44 4
1859 39 23 4
1860 47 45 2
1861 80 117 2
1862 13 30 2
1863 1 20 2
1864 16 43 5
1865 69 36 3
1866 21 5 5
1867 20 94 1
1868 61 64 5
1869 45 20 3
1870 62 19 5
1871 55 87 4
1872 52 110 5
1873 79 87 1
1874 7 38 3
1875 81 101 1
1876 34 25 5
1877 24 60 5
1878 29 44 1
1879 82 115 2
1880 88 34 3
1881 78 55 5
1882 112 115 3
1883 109 41 5
1884 26 65 3
1885 18 90 4
1886 100 117 2
1887 49 9 5
1888 72 91 4
1889 93 113 3
1890 62 37 3
1891 69 110 3
1892 3 56 2
1893 74 96 5
1894 66 4 4
1895 67 98 3
1896 52 61 3
1897 99 34 4
1898 113 108 3
1899 47 100 3
1900 94 4 2
1901 99 115 1
1902 108 27 4
1903 20 65 3
1904 48 74 4
1905 37 84 2
1906 41 61 2
1907 113 36 3
1908 69 92 3
1909 70 7 1
1910 15 62 1
1911 31 82 3
1912 54 4 2
1913 46 105 2
1914 39 14 5
1915 3 1 5
1916 59 97 5
1917 0 30 1
1918 87 2 1
1919 9 75 2
1920 81 59 3
1921 6 99 1
1922 90 40 2
1923 73 56 4
1924 46 56 5
1925 12 9 4
1926 115 95 1
1927 79 31 4
1928 109 109 3
1929 30 21 1
1930 64 118 1
1931 98 94 2
1932 84 63 3
1933 53 16 4
1934 40 22 5
1935 80 88 3
1936 17 52 2
1937 38 41 1
1938 38 16 2
1939 49 106 4
1940 112 48 1
1941 69 61 5
1942 56 23 1
1943 22 36 2
1944 30 56 1
1945 20 22 3
1946 102 13 1
1947 85 100 5
1948 116 103 3
1949 116 75 4
1950 110 87 4
1951 55 39 3
1952 12 26 5
1953 74 106 5
1954 97 31 2
1955 19 44 5
1956 39 113 5
1957 86 111 1
1958 85 20 3
1959 30 45 5
1960 41 26 4
1961 112 30 5
1962 58 4 2
1963 103 96 1
1964 86 117 3
1965 83 63 4
1966 6 63 3
1967 112 47 2
1968 51 23 1
1969 44 81 2
1970 92 109 3
1971 19 28 1
1972 96 106 2
1973 100 55 1
1974 63 27 1
1975 12 40 3
1976 118 94 1
1977 94 69 3
1978 42 47 3
1979 51 61 5
1980 1 8 5
1981 111 75 3
1982 110 56 1
1983 25 50 2
1984 88 102 1
1985 4 109 2
1986 89 9 3
1987 109 17 3
1988 20 90 5
1989 73 60 2
1990 62 113 3
1991 65 78 2
1992 17 82 3
1993 11 2 1
1994 30 25 4
1995 115 41 1
1996 49 6 5
1997 22 115 2
1998 102 80 2
1999 100 70 5
2000 45 0 3
2001 19 73 5
2002 57 105 1
0 27 5
1 94 113
2 63 101
3 42 73
4 59 72
5 51 103
6 10 108
7 15 6
8 71 32
9 98 37
10 53 80
11 33 69
12 91 55
13 45 89
14 32 56
15 105 95
16 72 76
17 85 46
18 99 29
19 65 47
20 0 58
21 84 12
22 5 94
23 28 77
24 45 106
25 37 88
26 6 30
27 28 94
28 78 22
29 72 64
30 88 115
31 10 15
32 70 44
33 88 64
34 91 75
35 63 18
36 3 114
37 42 112
38 6 17
39 7 15
40 104 85
41 103 92
42 80 34
43 39 64
44 104 17
45 25 93
46 99 31
47 113 18
48 19 81
49 90 106
50 35 43
51 90 24
52 84 107
53 73 83
54 30 0
55 7 83
56 58 34
57 0 33
58 6 109
59 97 32
60 69 54
61 114 27
62 41 90
63 83 9
64 68 80
65 53 107
66 1 77
67 13 82
68 38 94
69 29 94
70 39 27
71 108 7
72 58 29
73 18 81
74 65 115
75 35 44
76 65 51
77 55 108
