141 2416 110
0 2
1 3
2 4
3 4
4 3
5 2
6 5
7 5
8 1
9 2
10 3
11 3
12 3
13 3
14 1
15 4
16 4
17 2
18 2
19 3
20 4
21 5
22 2
23 4
24 5
25 5
26 1
27 4
28 3
29 1
30 1
31 5
32 3
33 2
34 1
35 1
36 1
37 3
38 5
39 1
40 1
41 2
42 3
43 1
44 3
45 5
46 4
47 1
48 4
49 3
50 2
51 3
52 5
53 5
54 1
55 4
56 5
57 3
58 3
59 4
60 3
61 4
62 2
63 5
64 3
65 2
66 3
67 4
68 5
69 4
70 1
71 5
72 1
73 5
74 3
75 4
76 3
77 5
78 3
79 3
80 1
81 5
82 3
83 4
84 4
85 1
86 2
87 3
88 4
89 2
90 5
91 5
92 5
93 2
94 5
95 1
96 2
97 2
98 4
99 5
100 2
101 1
102 5
103 4
104 2
105 3
106 4
107 4
108 4
109 5
110 2
111 1
112 4
113 5
114 4
115 2
116 2
117 2
118 5
119 1
120 2
121 2
122 2
123 1
124 4
125 1
126 3
127 2
128 5
129 3
130 4
131 4
132 2
133 2
134 4
135 5
136 4
137 2
138 5
139 3
140 1
0 44 35 1
1 40 71 2
2 63 86 3
3 76 62 1
4 118 81 3
5 19 1 1
6 39 97 2
7 8 84 1
8 73 51 3
9 75 132 4
10 114 6 4
11 105 94 2
12 81 111 1
13 130 8 4
14 126 126 4
15 101 76 3
16 123 83 1
17 49 0 1
18 29 73 4
19 59 14 5
20 69 31 1
21 109 138 1
22 106 28 4
23 140 8 4
24 126 101 5
25 116 118 5
26 114 23 1
27 84 50 5
28 44 80 1
29 131 47 3
30 16 7 4
31 88 63 2
32 50 39 1
33 68 90 3
34 59 8 2
35 97 65 4
36 49 32 1
37 121 25 5
38 65 100 5
39 4 79 1
40 53 0 2
41 93 113 1
42 72 99 3
43 128 28 1
44 111 31 1
45 29 14 2
46 99 102 1
47 106 101 5
48 91 92 1
49 106 133 3
50 24 9 4
51 93 27 3
52 0 31 3
53 20 138 3
54 91 98 5
55 94 99 1
56 136 131 3
57 53 66 5
58 62 11 1
59 32 123 2
60 64 58 4
61 137 24 1
62 115 113 2
63 133 111 3
64 24 2 1
65 104 116 5
66 60 8 1
67 120 139 1
68 63 43 4
69 63 139 3
70 56 91 4
71 83 39 2
72 79 133 1
73 130 67 1
74 69 140 5
75 119 1 3
76 128 23 3
77 26 77 2
78 18 96 2
79 62 12 5
80 82 49 4
81 35 135 1
82 50 136 4
83 43 54 5
84 22 26 5
85 125 15 4
86 53 43 2
87 92 85 4
88 67 21 4
89 51 29 3
90 126 99 5
91 52 61 2
92 140 26 1
93 120 134 4
94 129 0 2
95 31 126 1
96 48 76 4
97 18 50 3
98 123 91 5
99 66 49 3
100 100 37 1
101 58 120 3
102 83 91 4
103 115 89 1
104 38 93 3
105 28 53 5
106 92 11 2
107 52 112 4
108 67 40 2
109 140 4 2
110 110 85 1
111 107 29 1
112 27 60 2
113 97 32 4
114 35 96 5
115 95 98 1
116 61 101 1
117 7 138 2
118 18 74 3
119 94 113 2
120 76 127 2
121 79 11 3
122 36 98 1
123 5 105 2
124 68 119 5
125 133 97 2
126 103 62 3
127 20 135 4
128 31 136 4
129 31 32 3
130 123 7 5
131 133 121 2
132 132 19 2
133 42 92 5
134 76 28 5
135 45 83 5
136 118 140 2
137 38 51 1
138 30 14 1
139 19 84 5
140 43 11 3
141 0 104 4
142 29 23 4
143 6 79 1
144 31 108 3
145 35 0 5
146 94 116 5
147 4 101 5
148 105 13 1
149 76 40 3
150 75 74 3
151 45 9 1
152 83 67 4
153 128 90 2
154 119 134 1
155 84 108 2
156 103 89 5
157 139 65 2
158 113 9 5
159 40 49 5
160 110 48 1
161 99 120 5
162 43 72 2
163 31 90 5
164 134 133 1
165 61 45 4
166 122 3 2
167 133 60 5
168 81 78 2
169 132 72 5
170 64 103 5
171 113 34 3
172 115 122 2
173 44 92 1
174 31 62 2
175 128 1 4
176 0 11 5
177 133 112 1
178 9 48 1
179 46 115 2
180 17 133 5
181 33 109 1
182 105 123 1
183 18 112 5
184 32 106 2
185 115 27 5
186 112 123 4
187 139 28 3
188 101 109 5
189 45 29 3
190 86 29 3
191 1 139 3
192 7 62 4
193 85 72 1
194 106 78 2
195 119 30 2
196 25 132 3
197 55 56 5
198 117 66 1
199 113 39 4
200 53 118 5
201 93 138 4
202 107 63 1
203 74 101 2
204 44 44 4
205 85 12 4
206 79 115 2
207 108 129 4
208 63 32 3
209 68 97 5
210 126 55 3
211 50 4 3
212 68 29 4
213 39 39 2
214 22 65 4
215 125 61 2
216 75 134 3
217 47 32 1
218 32 52 1
219 134 42 2
220 27 15 1
221 116 21 2
222 21 77 3
223 81 35 4
224 31 14 4
225 129 29 4
226 3 81 1
227 82 130 5
228 104 55 1
229 122 131 3
230 86 115 1
231 58 118 4
232 75 121 5
233 62 24 5
234 90 97 2
235 23 84 5
236 54 100 3
237 84 137 2
238 43 140 3
239 34 19 3
240 29 131 4
241 33 26 4
242 31 105 3
243 67 135 2
244 108 42 5
245 86 97 1
246 72 42 4
247 71 69 5
248 44 76 5
249 129 124 1
250 122 112 1
251 68 92 3
252 70 45 1
253 21 7 4
254 83 15 5
255 64 73 5
256 101 107 1
257 80 70 1
258 73 68 4
259 26 91 2
260 106 17 3
261 13 88 3
262 120 117 2
263 57 40 4
264 126 88 2
265 20 56 2
266 72 76 4
267 81 138 3
268 106 21 5
269 30 49 5
270 40 40 5
271 96 98 3
272 43 31 3
273 87 98 5
274 118 136 1
275 113 66 4
276 10 80 1
277 15 105 5
278 139 25 5
279 36 4 1
280 117 61 1
281 11 82 1
282 56 132 2
283 139 81 4
284 126 59 4
285 52 117 1
286 66 50 4
287 57 65 4
288 85 119 4
289 4 73 2
290 80 138 4
291 12 87 4
292 75 137 4
293 48 82 5
294 130 95 2
295 20 100 2
296 119 128 1
297 28 63 1
298 33 15 2
299 8 57 1
300 80 111 4
301 67 102 4
302 14 127 3
303 22 100 3
304 130 63 3
305 38 128 3
306 85 18 4
307 125 77 5
308 46 105 1
309 22 78 2
310 15 3 3
311 48 70 1
312 63 97 5
313 102 36 3
314 125 44 1
315 63 96 3
316 92 38 4
317 139 20 1
318 68 72 2
319 51 88 4
320 123 131 4
321 24 64 1
322 126 20 4
323 51 25 5
324 132 91 2
325 35 5 3
326 135 55 3
327 61 16 2
328 15 10 1
329 77 44 1
330 15 25 2
331 76 55 5
332 2 52 3
333 92 20 1
334 112 136 3
335 75 80 4
336 121 113 2
337 46 120 1
338 105 35 3
339 111 69 5
340 45 12 1
341 1 86 5
342 85 60 1
343 137 22 3
344 57 75 3
345 71 102 5
346 109 34 1
347 11 125 4
348 103 99 5
349 130 42 5
350 30 72 3
351 23 19 3
352 111 103 2
353 11 99 4
354 78 12 5
355 112 84 3
356 60 135 4
357 27 59 3
358 21 110 3
359 84 120 3
360 93 39 2
361 139 124 3
362 70 97 2
363 78 39 2
364 3 118 3
365 31 122 3
366 7 14 4
367 49 49 5
368 84 123 1
369 32 40 1
370 13 137 2
371 43 88 4
372 7 23 3
373 78 51 3
374 19 126 5
375 119 129 1
376 70 50 3
377 116 132 2
378 66 128 2
379 4 86 4
380 25 55 3
381 92 1 3
382 76 135 1
383 51 45 2
384 46 100 5
385 85 106 2
386 27 67 1
387 22 22 1
388 82 50 2
389 97 111 2
390 13 37 1
391 104 91 1
392 66 86 1
393 96 133 5
394 41 92 2
395 121 123 4
396 55 8 3
397 63 114 2
398 100 45 1
399 61 0 4
400 6 132 2
401 14 139 3
402 27 86 3
403 73 102 2
404 39 58 3
405 117 94 5
406 111 36 3
407 8 41 4
408 30 79 3
409 94 74 1
410 17 111 2
411 76 68 3
412 82 18 4
413 42 13 2
414 113 81 5
415 81 33 4
416 87 43 3
417 44 15 4
418 41 67 2
419 118 121 2
420 104 82 1
421 84 124 4
422 110 41 3
423 32 75 3
424 43 0 3
425 44 7 1
426 108 121 4
427 93 1 2
428 116 36 4
429 111 127 5
430 120 37 3
431 125 66 1
432 50 41 3
433 33 132 2
434 37 56 1
435 20 103 1
436 94 44 4
437 129 80 5
438 84 6 3
439 75 33 3
440 101 48 3
441 59 101 3
442 113 69 2
443 108 53 4
444 102 34 5
445 37 113 5
446 40 27 2
447 117 106 2
448 1 130 2
449 59 21 3
450 45 41 5
451 21 41 1
452 131 115 3
453 85 62 2
454 84 131 2
455 74 40 1
456 37 96 1
457 108 108 3
458 15 12 3
459 30 133 4
460 115 51 5
461 83 69 3
462 65 95 3
463 65 38 5
464 88 17 3
465 101 128 3
466 111 78 5
467 56 93 5
468 56 44 1
469 45 20 4
470 110 74 5
471 8 110 2
472 67 69 5
473 54 32 3
474 109 79 5
475 110 95 1
476 46 60 2
477 40 6 5
478 135 50 4
479 95 11 1
480 128 72 2
481 41 59 1
482 47 137 1
483 120 74 1
484 121 126 5
485 55 125 4
486 25 13 5
487 34 14 5
488 124 140 3
489 36 40 2
490 27 54 4
491 82 124 3
492 20 22 5
493 138 105 1
494 50 57 2
495 114 118 2
496 47 77 4
497 50 138 4
498 57 134 5
499 14 15 1
500 80 49 4
501 63 29 1
502 121 20 2
503 42 20 4
504 13 30 2
505 140 70 2
506 123 53 3
507 42 37 5
508 133 78 3
509 23 90 5
510 96 4 2
511 124 34 2
512 12 107 2
513 49 103 2
514 11 25 3
515 40 87 3
516 76 49 3
517 16 98 2
518 107 40 4
519 107 60 3
520 110 39 1
521 110 105 3
522 134 70 3
523 116 65 2
524 34 39 1
525 3 18 3
526 48 47 3
527 55 40 2
528 131 133 3
529 13 35 3
530 93 129 5
531 9 110 1
532 95 38 3
533 106 38 1
534 129 24 4
535 10 101 2
536 18 124 3
537 58 30 2
538 43 7 4
539 133 25 2
540 70 89 5
541 129 140 1
542 125 98 3
543 52 39 1
544 124 111 2
545 46 138 5
546 131 138 5
547 0 112 2
548 19 33 1
549 74 64 5
550 84 98 4
551 37 60 3
552 59 34 5
553 135 117 2
554 71 95 5
555 101 83 5
556 127 37 2
557 71 105 2
558 44 139 4
559 45 127 1
560 26 65 4
561 11 57 4
562 86 72 5
563 81 128 5
564 60 88 2
565 50 23 3
566 56 24 2
567 69 92 4
568 48 95 2
569 135 68 5
570 40 127 4
571 98 68 4
572 30 122 1
573 68 69 5
574 24 71 5
575 3 40 5
576 87 67 1
577 47 130 1
578 21 112 2
579 103 32 2
580 123 52 3
581 6 60 1
582 20 71 4
583 10 4 5
584 6 98 2
585 125 96 3
586 34 123 4
587 122 19 5
588 0 52 4
589 23 102 1
590 63 76 2
591 41 41 4
592 64 110 2
593 19 21 4
594 49 120 1
595 73 113 3
596 46 43 1
597 90 126 1
598 126 134 1
599 77 116 2
600 0 41 2
601 135 77 3
602 126 119 3
603 21 98 2
604 20 10 3
605 70 122 4
606 30 21 2
607 110 116 3
608 82 21 3
609 11 131 3
610 88 90 3
611 81 66 1
612 98 123 5
613 40 134 4
614 54 125 1
615 13 28 1
616 126 36 3
617 126 5 2
618 78 66 3
619 6 37 5
620 118 110 5
621 105 42 2
622 37 10 1
623 6 76 5
624 93 108 5
625 0 102 4
626 104 56 4
627 25 65 5
628 30 56 4
629 1 68 1
630 83 82 5
631 44 10 4
632 14 120 4
633 22 67 3
634 127 102 5
635 93 15 5
636 86 89 3
637 118 38 5
638 55 100 2
639 23 5 4
640 128 135 5
641 1 18 3
642 84 22 4
643 64 97 3
644 65 126 2
645 56 96 3
646 19 90 2
647 123 66 1
648 127 26 1
649 42 133 3
650 133 136 2
651 117 77 1
652 90 30 5
653 38 36 2
654 67 123 3
655 42 8 3
656 6 43 3
657 134 7 3
658 116 109 2
659 29 67 5
660 132 85 4
661 53 4 4
662 126 83 3
663 112 129 2
664 15 60 3
665 86 99 1
666 135 129 3
667 21 130 2
668 12 112 3
669 92 24 5
670 52 127 5
671 59 113 1
672 57 120 3
673 12 104 1
674 4 9 2
675 129 102 1
676 99 123 3
677 1 22 5
678 72 9 1
679 110 88 3
680 0 24 1
681 35 110 2
682 16 134 3
683 29 44 5
684 62 67 3
685 32 93 4
686 124 75 4
687 135 16 5
688 54 29 5
689 55 51 5
690 70 102 4
691 18 92 5
692 90 12 3
693 123 138 4
694 1 76 3
695 68 114 5
696 132 101 2
697 114 36 3
698 81 99 4
699 124 126 2
700 133 23 4
701 113 100 4
702 113 2 2
703 25 110 2
704 139 33 4
705 41 29 2
706 140 86 4
707 61 13 3
708 61 82 4
709 71 99 2
710 72 75 3
711 21 17 1
712 71 140 4
713 121 59 1
714 86 131 2
715 133 34 2
716 40 132 5
717 120 112 3
718 86 125 1
719 63 127 5
720 100 86 3
721 35 138 2
722 139 133 4
723 94 8 4
724 1 52 5
725 110 65 5
726 118 133 4
727 3 35 3
728 13 102 1
729 4 121 2
730 29 25 2
731 118 107 2
732 57 111 4
733 118 19 3
734 81 5 5
735 62 25 2
736 119 32 2
737 122 117 1
738 31 89 3
739 113 15 4
740 11 30 4
741 19 30 2
742 75 92 5
743 105 98 3
744 30 59 3
745 104 5 4
746 1 31 4
747 11 106 5
748 76 118 1
749 111 130 4
750 18 101 5
751 45 73 2
752 5 91 5
753 41 104 2
754 139 104 3
755 31 2 2
756 69 106 3
757 17 24 3
758 10 86 3
759 54 49 3
760 130 11 3
761 119 33 5
762 13 135 3
763 63 140 1
764 69 19 3
765 97 51 3
766 85 25 1
767 71 66 3
768 106 94 3
769 48 12 1
770 96 53 2
771 138 120 4
772 30 97 2
773 10 139 2
774 40 9 1
775 103 91 3
776 80 56 2
777 14 129 4
778 139 110 1
779 118 5 3
780 113 74 1
781 51 128 2
782 6 13 2
783 58 3 3
784 49 126 3
785 106 27 5
786 117 82 3
787 109 108 2
788 38 42 4
789 45 93 3
790 16 52 4
791 59 96 3
792 102 105 2
793 70 105 1
794 43 131 2
795 130 30 2
796 116 66 3
797 8 35 3
798 62 84 4
799 120 83 2
800 87 27 4
801 120 71 5
802 54 85 2
803 1 23 5
804 20 57 3
805 112 110 5
806 27 126 5
807 116 9 3
808 3 78 1
809 126 4 4
810 56 11 1
811 127 30 1
812 12 70 4
813 107 103 4
814 80 119 4
815 122 92 4
816 35 12 2
817 68 104 5
818 133 53 3
819 50 101 4
820 45 84 3
821 61 30 1
822 93 100 3
823 80 76 3
824 89 104 2
825 131 23 1
826 136 3 1
827 60 114 1
828 119 77 1
829 81 12 1
830 41 15 4
831 132 43 5
832 126 102 3
833 110 131 2
834 102 57 3
835 53 128 5
836 134 19 5
837 87 50 4
838 93 49 5
839 108 29 5
840 101 121 2
841 107 116 3
842 131 93 3
843 42 48 3
844 6 54 4
845 7 72 4
846 38 88 2
847 94 130 4
848 40 99 5
849 47 112 4
850 9 59 5
851 45 64 2
852 119 45 2
853 68 59 5
854 66 92 4
855 52 51 4
856 13 19 3
857 139 58 5
858 80 38 5
859 91 66 2
860 28 72 3
861 2 116 5
862 48 19 2
863 112 108 5
864 24 85 4
865 124 72 5
866 69 98 4
867 138 3 5
868 19 20 1
869 83 40 1
870 11 37 3
871 101 47 5
872 58 44 4
873 107 106 2
874 108 128 2
875 37 117 4
876 69 89 1
877 79 29 2
878 107 39 1
879 91 102 2
880 91 86 2
881 100 78 2
882 71 124 2
883 96 0 5
884 28 103 2
885 56 38 3
886 89 122 2
887 15 17 4
888 46 2 3
889 123 140 1
890 118 16 4
891 0 69 4
892 45 1 5
893 64 131 4
894 129 92 5
895 134 39 2
896 102 131 4
897 20 94 2
898 90 110 2
899 62 136 4
900 15 91 4
901 124 41 5
902 132 61 4
903 16 62 3
904 49 92 1
905 104 63 5
906 133 104 5
907 46 16 2
908 85 33 1
909 87 77 4
910 19 72 3
911 114 2 1
912 65 50 5
913 43 61 1
914 21 96 3
915 40 61 1
916 10 91 3
917 26 94 1
918 14 88 4
919 78 138 1
920 38 2 1
921 71 96 1
922 29 3 4
923 6 138 3
924 115 100 4
925 70 81 5
926 19 101 4
927 140 32 1
928 126 58 4
929 92 3 1
930 33 1 2
931 0 99 3
932 96 65 3
933 123 60 1
934 39 99 2
935 63 25 1
936 105 40 1
937 95 123 1
938 94 30 1
939 140 87 5
940 58 55 5
941 79 90 1
942 125 82 1
943 61 126 3
944 25 130 1
945 132 42 5
946 131 45 1
947 16 133 5
948 12 69 4
949 53 115 5
950 15 50 1
951 128 139 3
952 47 60 3
953 90 11 2
954 87 136 4
955 4 72 1
956 134 77 2
957 81 114 5
958 56 4 3
959 53 101 1
960 54 45 2
961 56 139 4
962 2 14 1
963 58 96 5
964 59 106 3
965 36 42 2
966 53 54 5
967 125 115 1
968 16 67 1
969 90 39 2
970 140 77 5
971 77 7 5
972 99 3 2
973 93 123 4
974 109 38 2
975 124 66 5
976 106 128 1
977 60 3 1
978 100 5 3
979 25 112 3
980 75 86 3
981 5 70 3
982 32 87 5
983 88 48 4
984 17 55 5
985 0 139 2
986 74 10 4
987 32 57 1
988 5 54 2
989 23 4 4
990 52 44 4
991 72 20 2
992 41 34 2
993 5 28 1
994 64 71 2
995 122 67 1
996 81 110 1
997 41 25 5
998 46 13 5
999 16 122 3
1000 83 26 5
1001 27 21 3
1002 40 106 3
1003 17 129 1
1004 93 73 5
1005 35 55 2
1006 78 50 4
1007 120 87 1
1008 131 17 3
1009 34 108 5
1010 14 52 1
1011 105 121 2
1012 11 41 2
1013 32 83 3
1014 71 36 4
1015 9 92 4
1016 91 140 4
1017 13 116 5
1018 116 69 3
1019 47 63 5
1020 115 73 3
1021 106 55 5
1022 100 6 1
1023 131 120 5
1024 109 17 4
1025 104 120 2
1026 73 91 2
1027 119 139 2
1028 13 55 5
1029 124 77 3
1030 138 103 3
1031 35 30 2
1032 8 89 2
1033 112 20 5
1034 15 89 2
1035 128 92 5
1036 138 117 1
1037 107 14 2
1038 117 121 4
1039 94 124 4
1040 4 18 4
1041 7 124 4
1042 60 43 5
1043 138 104 4
1044 16 95 4
1045 117 109 1
1046 52 54 4
1047 104 135 3
1048 46 132 4
1049 33 53 3
1050 25 109 3
1051 14 53 4
1052 116 22 3
1053 94 52 2
1054 78 59 2
1055 94 54 5
1056 10 135 4
1057 102 113 2
1058 108 30 2
1059 126 41 2
1060 24 50 4
1061 112 46 2
1062 27 116 1
1063 121 54 2
1064 78 55 2
1065 129 30 2
1066 34 45 3
1067 23 117 1
1068 104 73 1
1069 32 4 3
1070 60 61 3
1071 102 118 1
1072 2 117 3
1073 122 43 4
1074 40 68 3
1075 54 12 2
1076 140 18 4
1077 14 131 5
1078 112 103 2
1079 62 6 3
1080 42 87 2
1081 139 8 5
1082 96 114 1
1083 99 16 1
1084 126 43 2
1085 115 12 3
1086 24 46 4
1087 2 35 3
1088 70 100 4
1089 61 137 4
1090 6 46 4
1091 51 83 3
1092 90 15 5
1093 125 42 5
1094 93 111 1
1095 138 21 4
1096 62 49 1
1097 13 31 2
1098 70 51 5
1099 129 11 4
1100 52 139 1
1101 45 114 2
1102 7 131 4
1103 113 133 2
1104 131 55 3
1105 113 49 3
1106 120 105 1
1107 88 24 3
1108 64 135 2
1109 33 98 4
1110 129 60 2
1111 100 118 5
1112 123 133 1
1113 57 133 5
1114 19 68 1
1115 116 48 1
1116 136 97 4
1117 31 46 5
1118 80 24 2
1119 20 64 1
1120 32 79 2
1121 46 84 2
1122 134 27 3
1123 83 135 4
1124 2 124 1
1125 103 57 5
1126 108 122 1
1127 92 98 4
1128 20 36 2
1129 32 62 1
1130 63 132 4
1131 25 24 1
1132 124 33 4
1133 25 5 3
1134 64 132 4
1135 102 20 1
1136 9 14 1
1137 125 58 1
1138 33 120 5
1139 129 73 3
1140 61 88 2
1141 14 78 5
1142 108 140 4
1143 82 80 2
1144 98 23 3
1145 85 50 1
1146 128 129 3
1147 19 57 3
1148 102 107 1
1149 27 16 1
1150 40 30 2
1151 100 97 4
1152 96 90 2
1153 41 81 3
1154 79 44 4
1155 129 106 4
1156 139 4 5
1157 119 135 5
1158 128 12 4
1159 20 83 4
1160 69 69 1
1161 73 130 4
1162 25 2 4
1163 84 12 4
1164 97 134 5
1165 124 45 2
1166 30 95 4
1167 67 115 4
1168 19 63 1
1169 127 31 2
1170 124 10 4
1171 127 113 5
1172 140 25 5
1173 84 88 5
1174 66 32 5
1175 105 89 2
1176 8 16 2
1177 54 91 5
1178 68 125 1
1179 121 49 3
1180 11 18 2
1181 114 11 4
1182 132 127 1
1183 99 130 1
1184 96 82 5
1185 137 116 5
1186 68 139 3
1187 89 132 3
1188 43 27 4
1189 39 87 1
1190 107 58 4
1191 114 35 1
1192 130 44 4
1193 89 106 3
1194 114 105 1
1195 82 106 4
1196 123 15 1
1197 129 35 2
1198 64 134 2
1199 126 30 1
1200 46 0 5
1201 61 9 5
1202 94 7 3
1203 112 71 2
1204 63 110 3
1205 4 7 5
1206 82 53 5
1207 104 43 2
1208 80 93 5
1209 107 92 4
1210 98 139 1
1211 123 47 3
1212 0 36 1
1213 93 26 3
1214 88 77 2
1215 90 113 4
1216 1 104 5
1217 14 86 4
1218 5 82 3
1219 52 122 2
1220 28 111 1
1221 18 71 3
1222 71 116 4
1223 140 115 4
1224 66 61 1
1225 74 57 5
1226 101 32 1
1227 102 37 3
1228 122 118 1
1229 99 108 3
1230 52 106 1
1231 16 26 3
1232 3 51 2
1233 135 39 4
1234 81 84 2
1235 7 24 1
1236 133 71 4
1237 81 69 3
1238 54 54 2
1239 64 121 4
1240 35 46 3
1241 72 81 5
1242 132 81 1
1243 47 57 5
1244 39 41 3
1245 65 31 5
1246 54 89 3
1247 37 105 4
1248 24 70 1
1249 24 24 2
1250 76 60 3
1251 20 133 5
1252 53 78 1
1253 0 101 2
1254 53 64 2
1255 43 56 2
1256 32 77 2
1257 62 40 4
1258 27 84 4
1259 30 31 4
1260 107 119 1
1261 49 4 5
1262 139 136 2
1263 137 133 4
1264 140 20 2
1265 23 45 2
1266 136 6 3
1267 105 139 4
1268 29 58 2
1269 133 91 4
1270 31 104 5
1271 114 31 4
1272 86 62 5
1273 84 134 1
1274 132 119 5
1275 43 57 5
1276 126 140 3
1277 58 123 2
1278 88 98 4
1279 120 5 5
1280 14 38 5
1281 7 67 3
1282 106 98 2
1283 112 19 2
1284 122 130 5
1285 36 32 5
1286 106 139 5
1287 113 87 2
1288 83 107 5
1289 36 3 4
1290 123 115 2
1291 96 140 2
1292 11 9 5
1293 24 97 2
1294 106 120 4
1295 32 34 4
1296 49 102 3
1297 51 85 5
1298 93 67 5
1299 110 5 2
1300 6 72 2
1301 107 78 5
1302 60 86 5
1303 15 43 3
1304 40 25 3
1305 134 36 1
1306 56 82 3
1307 16 136 4
1308 58 20 3
1309 39 109 3
1310 13 3 3
1311 129 101 5
1312 8 128 5
1313 54 3 2
1314 83 14 5
1315 89 24 4
1316 5 112 2
1317 18 116 1
1318 93 14 1
1319 124 125 5
1320 9 84 5
1321 123 63 1
1322 21 9 2
1323 31 50 4
1324 30 63 1
1325 84 106 5
1326 127 62 3
1327 70 124 4
1328 51 100 1
1329 71 91 5
1330 35 123 2
1331 108 16 4
1332 91 139 1
1333 40 46 5
1334 40 97 5
1335 10 106 2
1336 51 7 3
1337 42 102 4
1338 138 138 1
1339 96 12 2
1340 110 50 3
1341 31 64 5
1342 46 128 5
1343 6 36 4
1344 47 1 2
1345 22 33 2
1346 137 115 1
1347 54 133 4
1348 65 108 3
1349 76 0 2
1350 101 93 1
1351 11 55 3
1352 117 47 3
1353 106 73 2
1354 102 88 4
1355 123 139 5
1356 74 39 5
1357 11 77 2
1358 1 117 1
1359 93 136 3
1360 121 21 1
1361 56 29 5
1362 114 71 4
1363 88 130 4
1364 59 7 1
1365 75 138 1
1366 68 83 2
1367 49 65 1
1368 102 80 4
1369 42 46 2
1370 37 57 5
1371 54 40 3
1372 61 41 4
1373 75 96 5
1374 1 0 2
1375 41 1 5
1376 13 93 3
1377 96 123 4
1378 101 46 2
1379 57 25 2
1380 68 11 2
1381 117 101 4
1382 125 84 1
1383 125 99 5
1384 23 106 2
1385 74 9 2
1386 21 34 2
1387 22 97 1
1388 121 1 4
1389 137 78 1
1390 31 99 5
1391 39 53 1
1392 64 4 5
1393 51 125 5
1394 115 5 5
1395 51 22 3
1396 110 87 3
1397 20 14 2
1398 96 136 2
1399 111 137 5
1400 1 126 4
1401 94 104 5
1402 6 10 2
1403 18 103 3
1404 15 35 1
1405 129 44 1
1406 6 6 5
1407 6 86 3
1408 15 94 4
1409 34 73 1
1410 47 29 5
1411 46 122 5
1412 65 140 4
1413 51 118 2
1414 82 89 3
1415 89 117 2
1416 10 115 3
1417 38 125 2
1418 28 24 4
1419 76 95 1
1420 103 9 5
1421 139 31 2
1422 105 67 3
1423 16 57 3
1424 131 128 3
1425 10 123 3
1426 110 126 1
1427 72 118 3
1428 134 69 3
1429 42 101 5
1430 61 53 5
1431 37 132 4
1432 95 93 5
1433 73 78 3
1434 76 97 1
1435 54 115 4
1436 103 6 5
1437 52 28 2
1438 37 128 4
1439 54 110 3
1440 129 115 3
1441 40 82 3
1442 104 126 5
1443 110 119 5
1444 75 19 5
1445 60 55 2
1446 38 37 1
1447 121 3 1
1448 111 101 5
1449 78 110 1
1450 58 117 4
1451 64 17 3
1452 52 64 2
1453 24 51 1
1454 80 115 2
1455 48 54 1
1456 122 107 2
1457 72 102 3
1458 85 122 5
1459 19 17 3
1460 23 28 2
1461 106 60 1
1462 77 0 5
1463 26 7 4
1464 42 97 1
1465 6 108 1
1466 9 115 1
1467 81 14 4
1468 49 48 1
1469 57 53 5
1470 83 63 1
1471 110 3 1
1472 17 120 3
1473 60 130 5
1474 34 65 1
1475 75 135 2
1476 64 116 2
1477 86 47 1
1478 53 70 1
1479 46 108 2
1480 11 42 2
1481 77 69 4
1482 92 103 5
1483 122 71 4
1484 42 28 4
1485 58 65 1
1486 1 106 4
1487 77 19 2
1488 100 99 4
1489 68 26 2
1490 25 34 4
1491 62 131 2
1492 102 2 4
1493 53 24 4
1494 89 140 4
1495 134 135 5
1496 128 113 4
1497 90 121 4
1498 95 89 2
1499 0 15 4
1500 47 128 4
1501 110 19 4
1502 132 53 5
1503 32 115 1
1504 20 80 2
1505 39 1 4
1506 111 48 3
1507 97 77 2
1508 9 85 1
1509 134 99 2
1510 66 40 4
1511 50 114 4
1512 100 63 1
1513 31 98 3
1514 132 138 5
1515 10 136 4
1516 60 124 1
1517 28 133 3
1518 134 13 5
1519 88 8 2
1520 41 134 4
1521 84 96 1
1522 119 63 5
1523 62 3 3
1524 120 110 1
1525 134 118 4
1526 38 19 1
1527 100 50 1
1528 9 109 3
1529 50 34 1
1530 31 63 1
1531 134 8 4
1532 65 53 3
1533 125 18 1
1534 93 18 3
1535 87 58 3
1536 81 76 4
1537 108 85 5
1538 61 12 4
1539 92 58 1
1540 67 26 3
1541 109 128 5
1542 85 39 1
1543 28 85 4
1544 13 94 1
1545 81 117 5
1546 87 132 5
1547 3 33 3
1548 36 22 1
1549 82 72 2
1550 8 127 2
1551 122 99 3
1552 119 21 3
1553 111 139 5
1554 120 77 1
1555 34 62 4
1556 51 120 4
1557 54 21 4
1558 46 59 3
1559 42 107 5
1560 44 86 2
1561 133 19 5
1562 21 99 4
1563 27 10 4
1564 76 100 1
1565 76 90 2
1566 114 78 3
1567 87 4 2
1568 102 115 5
1569 14 47 4
1570 115 66 1
1571 103 17 1
1572 35 82 5
1573 126 118 3
1574 46 71 4
1575 17 13 5
1576 126 15 1
1577 120 100 4
1578 103 123 2
1579 12 33 3
1580 52 133 5
1581 71 11 5
1582 52 18 3
1583 75 82 2
1584 49 86 2
1585 110 57 4
1586 58 48 1
1587 74 89 2
1588 53 69 3
1589 50 27 5
1590 50 112 3
1591 99 24 4
1592 43 105 3
1593 53 131 3
1594 115 61 5
1595 122 45 2
1596 131 137 2
1597 14 40 1
1598 54 132 1
1599 45 82 5
1600 38 5 1
1601 85 114 1
1602 103 15 3
1603 49 105 1
1604 41 71 4
1605 29 20 3
1606 18 81 1
1607 85 34 5
1608 8 80 2
1609 101 57 3
1610 114 113 3
1611 105 76 3
1612 37 40 1
1613 41 2 5
1614 108 91 3
1615 55 70 1
1616 45 77 1
1617 83 122 2
1618 126 22 3
1619 98 137 2
1620 13 106 3
1621 31 15 4
1622 61 20 1
1623 137 34 1
1624 101 29 4
1625 138 24 1
1626 54 35 5
1627 92 47 5
1628 54 24 4
1629 10 59 2
1630 64 43 1
1631 79 136 5
1632 89 41 2
1633 114 77 1
1634 40 59 4
1635 44 128 3
1636 122 66 2
1637 41 132 4
1638 75 47 5
1639 76 139 4
1640 112 11 5
1641 73 123 3
1642 100 77 4
1643 106 5 1
1644 93 82 5
1645 115 118 5
1646 87 37 4
1647 47 2 1
1648 80 14 2
1649 5 122 3
1650 75 85 1
1651 80 95 1
1652 55 92 3
1653 36 54 4
1654 82 113 2
1655 55 32 1
1656 133 59 4
1657 86 18 4
1658 96 99 4
1659 24 121 1
1660 63 78 5
1661 41 85 2
1662 85 19 1
1663 82 43 2
1664 123 68 1
1665 92 90 1
1666 110 134 5
1667 23 30 4
1668 95 56 2
1669 26 66 2
1670 27 57 2
1671 76 47 3
1672 124 104 4
1673 83 119 1
1674 13 16 4
1675 77 102 3
1676 84 13 5
1677 127 9 4
1678 10 95 1
1679 103 19 1
1680 42 109 3
1681 118 66 2
1682 48 100 4
1683 81 10 3
1684 6 130 4
1685 88 85 5
1686 130 36 3
1687 33 89 1
1688 10 117 2
1689 100 9 5
1690 67 5 2
1691 51 105 1
1692 78 101 2
1693 139 121 3
1694 111 94 5
1695 3 11 1
1696 129 31 2
1697 16 78 3
1698 76 43 4
1699 54 55 2
1700 108 37 2
1701 115 90 4
1702 16 42 3
1703 64 2 2
1704 85 57 2
1705 43 86 4
1706 91 101 4
1707 98 59 4
1708 6 140 3
1709 88 39 1
1710 37 53 1
1711 74 83 3
1712 70 44 2
1713 43 119 3
1714 91 138 1
1715 119 53 4
1716 65 70 5
1717 62 77 3
1718 127 129 5
1719 106 42 4
1720 41 51 2
1721 102 103 5
1722 22 63 4
1723 103 110 1
1724 32 109 4
1725 3 7 2
1726 71 70 5
1727 85 93 1
1728 112 31 1
1729 22 7 4
1730 71 119 5
1731 85 90 4
1732 7 88 5
1733 67 136 5
1734 90 78 3
1735 20 109 3
1736 74 1 1
1737 0 21 1
1738 72 14 5
1739 87 83 2
1740 28 12 3
1741 96 132 5
1742 44 46 1
1743 73 111 1
1744 108 43 1
1745 74 73 3
1746 98 133 4
1747 20 69 5
1748 35 16 1
1749 104 84 1
1750 26 19 3
1751 74 91 5
1752 36 55 1
1753 112 134 3
1754 79 89 3
1755 101 75 5
1756 120 47 1
1757 120 25 4
1758 6 30 3
1759 65 123 3
1760 107 129 5
1761 121 96 5
1762 49 64 5
1763 69 75 2
1764 86 103 5
1765 130 89 1
1766 65 10 4
1767 50 29 4
1768 43 34 2
1769 111 15 5
1770 102 120 1
1771 106 48 2
1772 28 120 4
1773 93 87 2
1774 13 125 5
1775 25 127 3
1776 41 9 3
1777 83 34 3
1778 94 118 3
1779 51 84 4
1780 131 104 5
1781 86 68 3
1782 133 15 3
1783 45 80 4
1784 4 81 2
1785 66 100 3
1786 42 67 1
1787 120 48 3
1788 126 82 1
1789 53 100 4
1790 22 103 4
1791 19 58 3
1792 108 40 3
1793 128 4 3
1794 18 136 3
1795 81 1 1
1796 81 121 1
1797 84 111 1
1798 17 28 4
1799 51 61 5
1800 47 70 4
1801 110 26 2
1802 31 97 4
1803 130 62 1
1804 121 136 3
1805 114 74 2
1806 11 101 5
1807 51 16 4
1808 6 42 1
1809 27 136 4
1810 113 57 2
1811 60 73 2
1812 65 122 2
1813 45 24 5
1814 111 32 5
1815 17 70 3
1816 130 123 4
1817 55 102 3
1818 77 70 1
1819 1 9 4
1820 60 127 5
1821 67 34 5
1822 66 127 4
1823 26 82 4
1824 56 136 1
1825 103 5 2
1826 125 62 5
1827 49 45 1
1828 73 69 4
1829 20 40 5
1830 45 103 1
1831 25 105 4
1832 129 133 3
1833 82 120 5
1834 94 17 3
1835 113 119 3
1836 18 69 5
1837 17 26 1
1838 37 122 2
1839 17 95 2
1840 49 124 2
1841 38 98 4
1842 82 39 1
1843 113 75 3
1844 76 59 4
1845 56 130 3
1846 118 24 5
1847 84 86 4
1848 42 0 2
1849 104 110 4
1850 78 121 2
1851 137 17 2
1852 111 136 3
1853 23 39 1
1854 133 114 1
1855 95 118 1
1856 25 72 3
1857 39 29 1
1858 87 46 3
1859 61 18 2
1860 49 7 3
1861 113 16 4
1862 100 27 4
1863 18 83 2
1864 75 117 1
1865 97 17 5
1866 36 125 2
1867 111 105 4
1868 13 130 5
1869 60 11 2
1870 7 121 1
1871 21 70 3
1872 87 106 2
1873 63 75 1
1874 74 67 2
1875 47 91 2
1876 61 128 1
1877 91 91 5
1878 126 7 2
1879 15 58 4
1880 101 45 3
1881 81 8 3
1882 113 1 5
1883 10 78 2
1884 129 123 4
1885 49 118 3
1886 112 83 4
1887 79 70 1
1888 29 13 4
1889 18 49 5
1890 134 38 3
1891 47 118 2
1892 81 137 2
1893 57 94 4
1894 112 131 4
1895 115 95 5
1896 19 47 5
1897 12 93 5
1898 46 10 2
1899 97 28 5
1900 91 135 5
1901 56 116 1
1902 20 116 5
1903 105 48 5
1904 138 57 1
1905 82 110 1
1906 1 49 4
1907 22 28 3
1908 17 52 4
1909 84 115 2
1910 100 28 2
1911 22 48 2
1912 112 118 1
1913 25 131 3
1914 120 108 1
1915 31 74 3
1916 136 7 5
1917 125 45 3
1918 88 15 3
1919 64 118 1
1920 1 4 3
1921 6 95 2
1922 64 93 5
1923 55 124 3
1924 137 40 1
1925 8 43 2
1926 76 104 3
1927 132 139 2
1928 11 14 1
1929 109 69 2
1930 28 69 4
1931 55 120 3
1932 26 78 4
1933 76 65 3
1934 133 62 4
1935 80 74 4
1936 122 128 1
1937 72 74 3
1938 85 46 4
1939 86 50 4
1940 88 131 4
1941 95 106 5
1942 97 112 2
1943 123 119 3
1944 71 34 1
1945 0 121 1
1946 90 91 3
1947 44 98 5
1948 60 74 4
1949 80 100 1
1950 67 55 4
1951 108 47 1
1952 51 12 4
1953 125 26 4
1954 128 84 4
1955 25 21 4
1956 5 134 1
1957 138 38 2
1958 124 119 2
1959 131 16 3
1960 121 121 3
1961 120 101 5
1962 3 59 2
1963 115 65 5
1964 98 118 1
1965 36 94 4
1966 140 73 3
1967 52 22 2
1968 140 36 1
1969 138 96 4
1970 25 0 1
1971 117 95 1
1972 52 49 4
1973 54 34 5
1974 14 87 3
1975 30 37 3
1976 28 43 4
1977 108 92 1
1978 4 131 2
1979 8 45 5
1980 21 114 4
1981 4 14 2
1982 53 73 1
1983 106 16 2
1984 91 25 1
1985 138 11 3
1986 137 57 4
1987 35 131 4
1988 82 37 3
1989 54 101 1
1990 9 51 3
1991 86 126 4
1992 101 25 2
1993 30 28 5
1994 28 59 1
1995 37 67 1
1996 39 30 2
1997 18 62 4
1998 113 78 4
1999 60 38 5
2000 53 68 4
2001 103 105 2
2002 86 21 5
2003 91 79 2
2004 79 69 1
2005 8 91 2
2006 17 12 4
2007 92 79 3
2008 75 54 1
2009 57 59 1
2010 72 41 4
2011 41 101 1
2012 30 83 4
2013 75 88 2
2014 39 38 5
2015 75 59 1
2016 139 5 5
2017 99 78 5
2018 31 86 5
2019 52 11 4
2020 23 112 4
2021 88 40 3
2022 60 59 1
2023 47 56 5
2024 8 40 5
2025 10 36 2
2026 59 52 2
2027 61 103 1
2028 121 8 3
2029 105 10 3
2030 51 8 2
2031 95 40 2
2032 140 42 4
2033 111 79 1
2034 111 112 2
2035 91 0 3
2036 75 49 2
2037 52 48 4
2038 62 122 3
2039 88 56 2
2040 119 11 4
2041 26 37 4
2042 52 53 3
2043 41 48 4
2044 75 73 1
2045 2 85 1
2046 88 53 3
2047 51 34 5
2048 83 9 1
2049 125 132 4
2050 118 8 5
2051 74 13 2
2052 63 42 4
2053 121 86 2
2054 22 38 2
2055 111 110 3
2056 69 123 3
2057 3 74 4
2058 92 26 5
2059 40 34 5
2060 35 115 5
2061 38 140 1
2062 131 38 5
2063 109 58 4
2064 138 79 4
2065 124 68 5
2066 107 65 1
2067 68 27 1
2068 10 8 5
2069 100 103 2
2070 140 2 1
2071 77 109 4
2072 60 116 4
2073 79 106 4
2074 23 18 2
2075 51 81 3
2076 22 94 3
2077 130 84 2
2078 92 53 5
2079 72 51 2
2080 88 35 1
2081 98 7 4
2082 119 56 1
2083 107 21 3
2084 65 131 1
2085 136 39 4
2086 48 31 4
2087 43 20 2
2088 72 1 4
2089 4 92 3
2090 74 29 2
2091 15 59 3
2092 72 60 2
2093 38 24 5
2094 59 4 4
2095 104 104 3
2096 68 140 4
2097 27 18 4
2098 64 136 4
2099 25 32 4
2100 30 65 2
2101 7 89 2
2102 83 46 5
2103 18 54 5
2104 113 85 1
2105 79 34 1
2106 123 41 3
2107 130 64 5
2108 119 74 5
2109 135 11 1
2110 134 62 1
2111 75 108 5
2112 35 117 2
2113 95 96 4
2114 77 52 1
2115 95 46 2
2116 67 77 2
2117 132 5 4
2118 121 76 1
2119 99 32 3
2120 29 76 3
2121 113 67 3
2122 140 85 4
2123 55 28 1
2124 100 26 4
2125 81 64 5
2126 113 101 1
2127 88 122 1
2128 69 105 5
2129 74 76 2
2130 7 45 1
2131 61 95 4
2132 8 87 2
2133 131 40 4
2134 125 116 5
2135 128 116 2
2136 4 29 3
2137 21 108 4
2138 47 115 5
2139 62 26 4
2140 4 21 2
2141 71 130 4
2142 25 129 3
2143 107 33 5
2144 134 125 4
2145 20 24 3
2146 87 105 3
2147 58 33 3
2148 88 134 2
2149 116 78 4
2150 124 15 1
2151 128 69 4
2152 37 62 3
2153 110 128 5
2154 90 72 3
2155 2 78 2
2156 66 24 2
2157 100 3 5
2158 140 5 5
2159 108 36 4
2160 79 54 1
2161 118 2 3
2162 79 113 4
2163 123 38 2
2164 92 59 4
2165 62 54 4
2166 87 41 5
2167 59 19 3
2168 96 54 5
2169 28 140 4
2170 94 95 4
2171 120 26 1
2172 33 130 5
2173 52 68 4
2174 135 101 2
2175 64 137 4
2176 1 36 4
2177 20 48 5
2178 9 86 1
2179 13 8 1
2180 94 23 3
2181 115 134 3
2182 132 32 3
2183 111 67 3
2184 107 57 2
2185 49 59 5
2186 52 72 2
2187 135 47 4
2188 131 127 3
2189 63 9 1
2190 119 61 1
2191 95 67 2
2192 128 140 4
2193 130 108 4
2194 1 91 3
2195 138 66 1
2196 81 92 1
2197 86 110 4
2198 72 33 5
2199 42 91 5
2200 114 83 2
2201 40 28 4
2202 70 32 2
2203 43 89 5
2204 43 2 3
2205 120 90 5
2206 26 53 5
2207 118 125 5
2208 21 73 2
2209 106 105 2
2210 21 76 2
2211 140 140 3
2212 31 96 5
2213 118 69 4
2214 131 118 5
2215 134 3 3
2216 16 130 5
2217 71 103 4
2218 132 55 4
2219 118 77 5
2220 20 129 3
2221 123 28 5
2222 104 108 3
2223 83 10 5
2224 119 26 3
2225 14 133 1
2226 107 5 3
2227 40 42 3
2228 27 46 1
2229 98 3 5
2230 17 105 3
2231 90 29 2
2232 56 118 4
2233 75 10 2
2234 14 41 2
2235 104 52 1
2236 59 44 4
2237 52 91 3
2238 129 77 1
2239 55 107 4
2240 121 18 4
2241 51 86 5
2242 60 95 3
2243 7 63 1
2244 22 32 5
2245 85 117 3
2246 67 61 3
2247 15 102 4
2248 27 12 1
2249 95 87 5
2250 57 115 5
2251 90 32 2
2252 9 38 5
2253 124 90 2
2254 2 77 1
2255 85 70 3
2256 46 106 4
2257 125 39 2
2258 65 19 5
2259 50 1 3
2260 97 52 5
2261 19 109 4
2262 33 91 4
2263 95 50 1
2264 38 3 4
2265 32 125 2
2266 119 109 4
2267 75 93 3
2268 23 40 5
2269 30 50 5
2270 103 44 4
2271 118 132 2
2272 140 55 4
2273 135 93 4
2274 104 114 1
2275 109 86 3
2276 33 80 1
2277 136 4 1
2278 133 109 2
2279 103 124 3
2280 22 98 3
2281 36 12 2
2282 4 65 3
2283 36 85 4
2284 70 94 4
2285 105 21 1
2286 77 76 2
2287 65 52 3
2288 5 64 3
2289 123 101 4
2290 87 103 4
2291 42 98 3
2292 25 75 1
2293 24 44 2
2294 22 55 4
2295 90 109 4
2296 2 105 5
2297 0 17 3
2298 41 84 2
2299 130 14 4
2300 42 103 1
2301 42 78 3
2302 82 76 1
2303 117 126 5
2304 105 131 1
2305 105 90 2
2306 110 16 3
2307 50 103 5
2308 92 70 4
2309 128 24 4
2310 30 115 2
2311 20 131 5
2312 118 90 3
2313 62 79 4
2314 49 17 3
2315 55 52 4
2316 29 89 3
2317 2 7 4
2318 86 37 1
2319 124 35 2
2320 76 4 1
2321 104 122 2
2322 8 90 1
2323 95 109 3
2324 97 97 4
2325 53 13 5
2326 94 43 4
2327 82 30 3
2328 121 42 5
2329 21 13 5
2330 47 106 1
2331 32 33 2
2332 76 14 2
2333 24 135 1
2334 25 14 1
2335 40 73 2
2336 72 38 5
2337 14 46 1
2338 80 140 4
2339 110 12 2
2340 14 114 1
2341 52 98 1
2342 24 8 4
2343 128 74 1
2344 2 57 3
2345 83 41 1
2346 85 81 5
2347 116 85 1
2348 6 129 3
2349 112 29 3
2350 17 123 2
2351 55 75 5
2352 127 29 5
2353 122 87 5
2354 132 34 3
2355 29 40 3
2356 140 116 4
2357 109 104 5
2358 67 72 4
2359 75 87 4
2360 110 18 2
2361 27 52 2
2362 44 64 1
2363 18 53 3
2364 54 86 5
2365 79 81 4
2366 83 124 4
2367 8 100 4
2368 33 47 1
2369 58 12 1
2370 24 48 2
2371 105 124 3
2372 125 20 4
2373 9 111 1
2374 139 112 3
2375 70 125 1
2376 11 17 2
2377 132 17 5
2378 34 72 5
2379 112 132 1
2380 129 103 4
2381 96 32 4
2382 68 33 5
2383 54 68 3
2384 64 79 2
2385 77 56 2
2386 16 64 4
2387 23 36 3
2388 101 118 1
2389 45 121 3
2390 12 2 1
2391 83 98 5
2392 68 78 3
2393 64 107 3
2394 25 136 3
2395 23 74 5
2396 38 34 3
2397 85 126 3
2398 85 100 3
2399 105 84 5
2400 113 24 2
2401 103 43 5
2402 97 41 1
2403 31 39 4
2404 105 30 3
2405 96 29 4
2406 1 7 4
2407 42 68 2
2408 127 57 1
2409 118 99 2
2410 111 125 5
2411 80 130 3
2412 18 59 2
2413 121 30 2
2414 15 131 2
2415 140 16 2
0 102 131
1 103 63
2 39 41
3 116 39
4 119 75
5 101 53
6 6 57
7 134 136
8 94 116
9 53 134
10 8 48
11 124 31
12 18 66
13 114 28
14 25 34
15 124 97
16 28 94
17 134 15
18 21 134
19 107 82
20 68 35
21 77 117
22 15 101
23 38 125
24 78 59
25 34 116
26 52 129
27 124 62
28 57 108
29 113 132
30 41 18
31 33 23
32 76 119
33 73 108
34 48 108
35 85 60
36 89 134
37 96 127
38 95 74
39 105 0
40 133 97
41 135 66
42 12 47
43 24 65
44 26 128
45 42 122
46 76 73
47 16 23
48 96 55
49 125 116
50 2 37
51 80 100
52 6 67
53 27 50
54 0 106
55 96 10
56 126 6
57 99 109
58 126 17
59 33 135
60 108 138
61 94 6
62 25 90
63 82 83
64 25 34
65 106 112
66 127 94
67 43 97
68 27 49
69 75 22
70 79 138
71 14 120
72 58 64
73 96 83
74 38 53
75 123 112
76 140 71
77 111 95
78 96 51
79 48 124
80 124 43
81 33 4
82 18 81
83 41 66
84 53 1
85 82 25
86 127 40
87 130 55
88 14 114
89 30 109
90 94 44
91 133 68
92 89 23
93 64 124
94 15 67
95 88 44
96 104 139
97 20 85
98 132 95
99 120 119
100 120 25
101 110 62
102 21 136
103 37 47
104 29 44
105 130 54
106 101 10
107 123 110
108 127 78
109 129 66
