124 2835 35
0 3
1 1
2 3
3 4
4 2
5 4
6 1
7 3
8 4
9 3
10 1
11 5
12 4
13 2
14 1
15 1
16 5
17 4
18 4
19 4
20 4
21 5
22 2
23 2
24 2
25 1
26 5
27 2
28 4
29 1
30 4
31 3
32 5
33 3
34 5
35 4
36 3
37 5
38 5
39 5
40 5
41 3
42 4
43 3
44 5
45 2
46 5
47 3
48 4
49 3
50 1
51 4
52 1
53 3
54 3
55 4
56 1
57 3
58 2
59 3
60 5
61 1
62 1
63 1
64 4
65 2
66 1
67 4
68 5
69 5
70 1
71 2
72 3
73 2
74 5
75 4
76 4
77 4
78 4
79 2
80 5
81 1
82 4
83 1
84 3
85 5
86 5
87 3
88 1
89 5
90 3
91 2
92 3
93 4
94 2
95 5
96 5
97 3
98 4
99 5
100 3
101 5
102 3
103 5
104 4
105 3
106 5
107 2
108 1
109 4
110 3
111 5
112 4
113 5
114 1
115 2
116 4
117 3
118 1
119 1
120 2
121 3
122 2
123 2
0 77 21 4
1 84 105 4
2 33 9 3
3 76 97 2
4 115 44 1
5 44 65 4
6 108 56 4
7 74 111 3
8 121 104 5
9 87 40 4
10 8 12 2
11 53 65 2
12 96 27 1
13 20 121 3
14 63 70 2
15 81 70 1
16 112 92 1
17 84 63 5
18 39 3 5
19 117 68 3
20 45 38 1
21 10 109 5
22 98 80 5
23 4 117 4
24 43 107 5
25 92 44 3
26 34 29 4
27 71 86 2
28 72 74 2
29 16 51 5
30 53 84 2
31 3 91 3
32 66 80 3
33 18 95 1
34 36 58 4
35 110 41 5
36 55 72 4
37 43 59 2
38 11 108 5
39 101 77 5
40 42 65 5
41 122 76 5
42 30 123 1
43 115 60 1
44 38 81 3
45 82 117 2
46 11 91 4
47 6 105 1
48 28 43 1
49 115 16 4
50 10 75 2
51 106 83 3
52 68 77 2
53 34 46 3
54 0 26 2
55 73 74 5
56 92 39 4
57 103 104 1
58 47 81 1
59 80 11 2
60 2 30 5
61 50 44 2
62 34 113 1
63 42 62 2
64 29 15 3
65 60 121 3
66 58 11 4
67 92 52 3
68 50 41 2
69 15 61 3
70 97 11 1
71 64 95 4
72 73 121 2
73 47 80 3
74 81 65 5
75 14 121 4
76 63 57 5
77 49 6 1
78 112 41 5
79 49 18 1
80 106 78 1
81 30 49 1
82 105 117 4
83 53 17 1
84 38 87 4
85 104 55 5
86 112 55 3
87 50 115 3
88 8 27 1
89 32 57 2
90 94 19 2
91 75 104 2
92 48 72 2
93 108 33 3
94 88 93 1
95 91 68 5
96 45 52 3
97 86 6 4
98 38 2 2
99 27 76 5
100 22 62 3
101 86 32 5
102 71 48 2
103 28 33 4
104 99 97 1
105 53 19 4
106 94 119 2
107 23 94 3
108 66 34 5
109 48 100 1
110 113 65 3
111 99 74 2
112 104 108 2
113 96 5 5
114 123 71 4
115 105 98 5
116 108 49 3
117 14 108 5
118 47 93 3
119 28 108 2
120 23 118 3
121 88 59 4
122 55 42 4
123 16 98 4
124 14 57 4
125 118 109 4
126 65 41 4
127 46 105 1
128 111 5 4
129 1 20 4
130 19 64 5
131 0 63 1
132 29 59 3
133 65 109 3
134 120 14 4
135 45 8 5
136 93 111 5
137 14 78 1
138 28 18 2
139 66 21 5
140 13 40 3
141 64 14 5
142 55 99 5
143 56 66 1
144 113 121 5
145 49 47 3
146 2 45 1
147 55 48 1
148 115 85 5
149 79 65 1
150 48 82 4
151 76 111 5
152 65 5 5
153 103 51 5
154 115 37 1
155 98 8 3
156 0 46 3
157 50 109 4
158 94 18 4
159 115 4 4
160 46 85 2
161 0 23 1
162 70 92 2
163 33 97 3
164 88 15 5
165 62 5 2
166 111 53 3
167 25 81 3
168 75 114 3
169 114 23 5
170 94 28 2
171 67 55 4
172 105 35 2
173 17 51 5
174 10 12 5
175 119 40 1
176 116 82 3
177 82 26 3
178 3 58 1
179 72 85 5
180 116 44 2
181 114 8 2
182 9 68 4
183 87 84 1
184 11 101 2
185 105 66 1
186 100 112 5
187 101 19 1
188 39 81 4
189 25 26 4
190 1 114 1
191 94 41 1
192 21 102 2
193 60 57 3
194 89 123 4
195 91 31 2
196 58 98 5
197 95 66 1
198 7 65 2
199 26 121 1
200 118 51 1
201 47 116 3
202 70 7 4
203 3 67 1
204 102 51 5
205 34 72 5
206 57 53 4
207 33 59 1
208 92 14 5
209 98 65 3
210 107 120 2
211 75 115 1
212 64 68 2
213 4 78 3
214 66 13 2
215 80 56 3
216 98 79 3
217 97 28 3
218 109 8 2
219 83 57 3
220 88 84 5
221 121 40 1
222 114 77 1
223 15 98 4
224 49 14 2
225 47 66 3
226 37 22 5
227 43 58 2
228 29 52 3
229 55 13 3
230 105 67 1
231 104 60 4
232 79 53 3
233 77 72 2
234 45 7 4
235 111 111 4
236 31 92 4
237 88 87 5
238 55 4 5
239 51 79 3
240 90 75 3
241 36 69 4
242 57 109 1
243 3 26 3
244 94 67 2
245 82 19 4
246 7 76 2
247 68 123 1
248 12 33 2
249 43 75 4
250 17 45 4
251 57 93 3
252 110 100 4
253 11 64 1
254 2 95 1
255 79 115 1
256 47 78 4
257 22 96 2
258 46 94 1
259 59 82 1
260 10 61 4
261 113 119 5
262 15 12 3
263 118 36 5
264 34 105 4
265 10 32 1
266 90 79 3
267 81 77 4
268 8 89 2
269 51 115 4
270 113 55 2
271 94 5 2
272 88 65 4
273 87 110 2
274 71 4 2
275 56 32 4
276 121 54 3
277 84 51 5
278 23 109 3
279 86 68 2
280 29 92 5
281 121 24 5
282 65 105 3
283 98 52 4
284 78 68 2
285 3 38 4
286 69 33 4
287 67 4 5
288 122 88 2
289 78 111 5
290 2 40 1
291 110 49 1
292 30 79 2
293 6 43 1
294 42 92 2
295 87 98 4
296 69 23 2
297 74 43 4
298 52 26 1
299 27 86 2
300 98 12 4
301 108 38 1
302 19 16 2
303 107 23 5
304 12 38 5
305 91 39 4
306 88 42 2
307 15 34 2
308 59 107 3
309 11 77 5
310 11 99 1
311 83 46 1
312 52 3 1
313 14 50 2
314 45 53 1
315 108 40 1
316 13 115 3
317 55 14 1
318 92 34 2
319 24 110 4
320 1 76 2
321 19 47 5
322 23 64 4
323 103 13 3
324 23 15 5
325 111 91 3
326 44 54 5
327 91 90 5
328 70 35 2
329 53 5 3
330 77 117 5
331 115 2 2
332 1 14 4
333 34 7 5
334 116 89 1
335 67 27 5
336 27 116 2
337 122 55 5
338 89 106 4
339 1 9 4
340 95 90 1
341 106 13 4
342 24 84 2
343 62 39 5
344 21 30 2
345 117 39 4
346 36 87 3
347 121 110 2
348 121 23 2
349 97 67 5
350 100 80 5
351 61 48 4
352 91 28 5
353 58 48 2
354 33 107 2
355 75 7 5
356 42 64 1
357 69 3 1
358 99 36 5
359 21 60 4
360 97 25 1
361 59 8 2
362 110 95 1
363 12 27 5
364 101 65 4
365 103 72 1
366 50 33 3
367 7 109 5
368 94 66 5
369 119 84 3
370 100 111 4
371 98 67 5
372 51 69 2
373 92 35 2
374 93 48 3
375 61 1 5
376 68 40 4
377 59 52 5
378 96 11 3
379 50 54 1
380 23 54 2
381 44 85 3
382 24 23 1
383 77 47 1
384 41 72 1
385 31 27 4
386 13 90 4
387 44 69 2
388 116 13 1
389 27 74 5
390 112 123 4
391 92 63 5
392 119 29 5
393 11 100 5
394 48 91 1
395 66 51 3
396 100 102 4
397 102 24 1
398 29 67 3
399 17 77 3
400 63 118 2
401 39 32 5
402 32 34 5
403 15 100 5
404 100 31 5
405 26 15 5
406 63 91 1
407 97 112 1
408 26 4 5
409 51 109 3
410 54 4 3
411 123 97 2
412 109 2 3
413 71 57 1
414 9 116 4
415 73 113 1
416 78 17 2
417 44 62 5
418 41 13 1
419 19 3 3
420 105 24 5
421 8 32 2
422 92 108 3
423 95 29 2
424 83 34 3
425 72 67 2
426 68 27 3
427 23 14 1
428 81 23 4
429 17 12 3
430 12 84 5
431 87 87 1
432 35 81 1
433 15 96 3
434 51 101 4
435 43 46 5
436 111 32 5
437 21 101 2
438 83 13 2
439 85 76 4
440 4 69 3
441 122 45 1
442 79 82 4
443 68 21 4
444 12 20 2
445 102 3 4
446 106 62 1
447 81 31 2
448 21 109 4
449 36 121 5
450 40 98 5
451 10 18 4
452 97 83 3
453 111 21 2
454 65 92 5
455 89 29 1
456 51 87 1
457 48 30 3
458 118 40 5
459 104 106 2
460 27 30 3
461 65 90 1
462 80 79 3
463 18 42 4
464 7 2 2
465 39 60 1
466 120 105 3
467 82 84 5
468 61 3 4
469 109 111 2
470 79 29 1
471 1 109 5
472 3 82 5
473 35 96 3
474 79 52 4
475 49 33 5
476 82 32 2
477 119 62 1
478 96 25 4
479 108 29 5
480 79 111 4
481 117 38 5
482 4 95 1
483 49 93 1
484 65 50 5
485 86 85 2
486 41 20 1
487 24 1 2
488 49 114 1
489 22 49 2
490 60 63 5
491 81 54 4
492 83 110 4
493 40 80 1
494 73 42 5
495 72 38 1
496 24 45 1
497 76 59 5
498 34 122 4
499 23 10 2
500 41 54 4
501 5 21 2
502 30 71 5
503 70 74 2
504 69 95 4
505 39 105 5
506 32 122 1
507 117 106 2
508 102 25 5
509 118 99 2
510 1 90 3
511 102 75 3
512 49 25 5
513 84 60 1
514 11 70 5
515 120 31 5
516 80 22 2
517 97 101 4
518 16 20 3
519 42 96 3
520 72 84 5
521 40 61 5
522 117 18 3
523 120 17 1
524 71 95 1
525 6 84 1
526 9 121 4
527 38 110 4
528 73 96 1
529 3 97 5
530 33 86 4
531 6 7 1
532 33 11 5
533 44 99 3
534 25 98 5
535 23 85 5
536 19 7 2
537 29 86 3
538 58 58 3
539 61 4 3
540 45 43 5
541 34 62 4
542 114 79 3
543 18 92 1
544 78 105 3
545 58 72 3
546 107 35 2
547 93 11 2
548 90 90 2
549 35 47 5
550 59 13 5
551 82 86 5
552 18 4 2
553 23 95 3
554 123 102 1
555 28 67 5
556 17 103 2
557 92 53 4
558 50 60 2
559 92 9 1
560 22 48 1
561 68 94 3
562 72 66 4
563 61 71 1
564 64 78 4
565 43 117 2
566 52 40 4
567 89 3 1
568 18 65 4
569 47 58 4
570 4 34 5
571 114 25 2
572 94 73 4
573 119 92 2
574 65 93 1
575 103 45 1
576 11 89 2
577 31 34 4
578 32 58 3
579 22 81 3
580 77 82 1
581 29 24 4
582 27 92 2
583 42 86 4
584 32 2 1
585 19 45 2
586 16 92 5
587 33 123 4
588 40 120 2
589 69 11 5
590 37 79 5
591 17 100 3
592 14 27 2
593 85 7 1
594 26 102 1
595 67 92 4
596 39 4 4
597 93 92 5
598 11 114 1
599 105 122 5
600 35 99 3
601 119 30 2
602 75 38 3
603 16 56 3
604 25 77 4
605 70 108 5
606 7 69 3
607 104 25 4
608 74 122 4
609 119 10 2
610 85 20 2
611 101 23 5
612 114 93 3
613 92 1 4
614 55 91 2
615 3 65 3
616 45 6 1
617 91 72 1
618 62 60 4
619 18 119 2
620 86 112 1
621 116 109 2
622 48 56 2
623 80 78 2
624 121 29 1
625 70 79 2
626 28 78 1
627 71 26 4
628 100 74 3
629 115 103 1
630 84 91 1
631 20 31 5
632 9 79 5
633 12 99 5
634 94 75 5
635 14 58 1
636 41 80 5
637 39 96 5
638 22 40 5
639 111 24 2
640 84 66 5
641 71 50 5
642 112 117 3
643 110 99 2
644 122 102 2
645 58 22 2
646 85 122 5
647 58 121 5
648 56 64 3
649 44 81 2
650 68 20 3
651 78 123 2
652 115 111 5
653 12 69 5
654 64 60 3
655 9 18 5
656 94 76 2
657 18 45 2
658 105 31 4
659 94 25 4
660 10 114 5
661 5 3 4
662 97 73 2
663 60 99 5
664 110 8 3
665 115 87 4
666 92 37 3
667 84 36 1
668 103 30 1
669 78 112 5
670 17 105 1
671 3 25 5
672 80 63 2
673 96 107 1
674 44 118 1
675 11 34 5
676 50 51 2
677 92 61 5
678 80 43 4
679 65 72 5
680 66 90 5
681 112 108 5
682 95 30 3
683 93 18 5
684 62 79 3
685 84 103 4
686 84 101 5
687 19 44 2
688 66 87 3
689 32 91 2
690 77 44 2
691 28 72 4
692 52 13 2
693 121 38 4
694 21 58 1
695 91 58 4
696 37 23 3
697 104 20 1
698 19 11 2
699 112 96 3
700 106 31 2
701 104 98 4
702 79 7 1
703 60 107 1
704 76 77 3
705 69 121 3
706 34 95 5
707 40 1 4
708 108 55 1
709 17 5 2
710 122 25 3
711 14 105 4
712 71 59 5
713 114 19 2
714 28 87 5
715 6 44 3
716 49 4 1
717 64 123 5
718 47 108 4
719 60 61 1
720 20 8 1
721 120 121 3
722 113 45 3
723 105 60 3
724 110 103 3
725 21 123 4
726 76 83 2
727 23 35 3
728 120 122 3
729 12 7 3
730 86 122 1
731 71 64 1
732 49 37 1
733 95 112 2
734 118 68 5
735 90 43 3
736 93 78 3
737 71 32 3
738 3 9 4
739 44 37 2
740 98 53 5
741 30 87 2
742 24 103 2
743 20 74 2
744 36 4 2
745 15 78 5
746 42 94 3
747 29 10 1
748 9 11 2
749 77 78 3
750 97 105 3
751 59 4 2
752 29 75 2
753 24 108 4
754 108 12 5
755 74 6 1
756 81 8 5
757 46 115 5
758 23 117 5
759 72 79 3
760 27 112 3
761 107 0 5
762 55 115 1
763 41 4 2
764 29 120 5
765 32 23 5
766 59 64 4
767 52 12 3
768 30 86 5
769 118 8 5
770 27 13 5
771 0 50 3
772 9 32 2
773 86 41 5
774 122 99 5
775 1 116 2
776 81 83 2
777 28 6 3
778 59 73 5
779 89 79 3
780 38 92 1
781 90 120 3
782 57 43 1
783 67 120 5
784 112 106 5
785 6 115 4
786 96 14 5
787 91 67 2
788 100 12 5
789 70 101 1
790 48 26 5
791 67 39 4
792 29 81 3
793 117 65 4
794 115 35 2
795 104 30 3
796 66 123 2
797 45 9 2
798 33 114 1
799 50 2 5
800 66 59 5
801 83 42 4
802 11 40 4
803 120 26 5
804 96 61 1
805 95 73 1
806 111 82 1
807 33 29 4
808 94 96 4
809 61 52 3
810 36 83 5
811 63 115 3
812 53 77 2
813 85 123 4
814 46 1 5
815 49 11 3
816 41 99 5
817 30 41 3
818 78 99 3
819 82 52 5
820 20 111 4
821 118 2 2
822 8 83 1
823 2 42 4
824 4 76 1
825 46 62 1
826 102 19 2
827 107 90 1
828 77 86 3
829 16 14 4
830 52 121 5
831 114 108 4
832 93 0 5
833 122 62 1
834 122 14 5
835 59 95 3
836 102 90 2
837 52 111 2
838 22 75 2
839 73 48 1
840 27 43 4
841 20 14 5
842 53 88 2
843 60 28 3
844 104 27 4
845 76 80 2
846 87 108 2
847 91 59 3
848 81 68 2
849 9 84 1
850 58 123 2
851 1 17 5
852 71 17 2
853 101 87 1
854 73 99 1
855 18 25 1
856 27 98 4
857 3 0 2
858 30 37 5
859 34 21 5
860 15 94 3
861 93 38 1
862 61 69 1
863 89 4 3
864 74 64 3
865 55 0 1
866 71 66 5
867 108 88 4
868 5 117 2
869 109 46 5
870 75 113 4
871 101 119 3
872 44 39 1
873 2 123 5
874 33 62 5
875 28 7 4
876 20 115 2
877 96 68 5
878 51 90 3
879 112 17 2
880 57 55 2
881 46 123 3
882 15 70 5
883 23 77 4
884 3 30 5
885 111 46 1
886 17 31 2
887 21 16 2
888 121 93 4
889 36 96 3
890 44 43 5
891 121 74 3
892 98 123 2
893 1 102 2
894 2 102 1
895 52 65 2
896 95 41 3
897 103 119 1
898 12 36 5
899 51 114 1
900 88 45 1
901 83 60 2
902 59 62 1
903 46 14 4
904 26 88 1
905 83 55 3
906 69 85 5
907 65 40 5
908 0 72 2
909 114 39 2
910 93 46 3
911 103 19 1
912 31 40 2
913 7 67 3
914 18 31 1
915 4 10 1
916 122 30 1
917 114 2 3
918 117 91 2
919 48 77 2
920 34 40 3
921 57 97 3
922 93 56 4
923 86 86 3
924 122 13 5
925 123 11 3
926 112 24 2
927 117 99 4
928 88 56 4
929 109 114 1
930 67 46 2
931 61 73 2
932 36 9 3
933 89 40 5
934 24 0 4
935 26 1 1
936 104 88 4
937 3 37 4
938 10 107 3
939 55 87 1
940 63 11 2
941 2 113 5
942 61 22 1
943 98 62 2
944 3 72 2
945 55 6 2
946 15 14 1
947 96 75 2
948 5 116 4
949 54 6 4
950 42 109 4
951 87 34 2
952 18 99 2
953 103 85 5
954 3 94 4
955 50 86 3
956 104 61 3
957 17 36 3
958 106 39 3
959 29 56 5
960 11 103 1
961 67 100 3
962 59 30 4
963 98 83 2
964 100 49 2
965 11 37 4
966 11 53 4
967 73 107 5
968 23 53 4
969 91 97 4
970 21 113 4
971 109 41 3
972 49 53 1
973 85 91 2
974 66 120 2
975 17 76 3
976 43 41 1
977 57 40 5
978 45 109 1
979 100 89 5
980 14 114 1
981 105 107 1
982 63 105 2
983 32 19 3
984 82 114 4
985 100 6 4
986 62 53 5
987 37 6 4
988 28 111 2
989 18 106 3
990 75 28 3
991 110 89 4
992 94 2 5
993 0 98 3
994 56 43 4
995 106 28 4
996 61 55 1
997 25 57 2
998 123 13 2
999 33 53 4
1000 49 112 2
1001 65 39 2
1002 117 122 4
1003 122 65 3
1004 89 99 3
1005 58 2 4
1006 83 22 5
1007 113 22 2
1008 30 76 1
1009 86 8 4
1010 118 112 1
1011 59 102 1
1012 83 17 5
1013 102 63 4
1014 27 3 2
1015 3 56 1
1016 83 47 2
1017 120 7 1
1018 87 15 4
1019 108 89 5
1020 92 46 1
1021 54 91 2
1022 94 123 1
1023 97 37 5
1024 120 57 3
1025 120 106 3
1026 4 103 2
1027 34 107 2
1028 1 6 5
1029 120 15 5
1030 7 86 1
1031 62 28 5
1032 103 40 5
1033 96 89 3
1034 86 35 4
1035 86 64 2
1036 46 9 1
1037 10 122 5
1038 84 26 1
1039 72 98 2
1040 64 20 5
1041 87 118 5
1042 38 77 2
1043 17 63 1
1044 38 21 3
1045 66 118 5
1046 113 28 2
1047 109 105 1
1048 11 46 1
1049 85 26 1
1050 36 105 1
1051 37 47 1
1052 60 92 2
1053 71 67 1
1054 14 75 4
1055 50 113 4
1056 117 121 4
1057 75 55 2
1058 39 12 3
1059 111 42 1
1060 34 16 5
1061 19 31 4
1062 81 66 4
1063 118 12 3
1064 36 18 1
1065 91 115 2
1066 10 16 2
1067 4 50 4
1068 54 80 3
1069 116 103 2
1070 14 48 4
1071 49 73 3
1072 62 49 3
1073 76 26 5
1074 11 50 5
1075 106 11 4
1076 59 9 3
1077 97 56 3
1078 10 8 2
1079 12 122 2
1080 53 7 3
1081 73 12 1
1082 16 85 4
1083 94 34 2
1084 38 47 2
1085 46 8 4
1086 120 53 2
1087 5 1 3
1088 46 82 5
1089 90 20 3
1090 63 37 5
1091 25 115 3
1092 67 107 3
1093 80 58 4
1094 95 104 3
1095 40 42 5
1096 57 45 1
1097 59 60 1
1098 92 78 3
1099 99 28 1
1100 68 2 4
1101 17 113 5
1102 120 24 1
1103 6 97 2
1104 84 37 2
1105 70 53 3
1106 98 38 4
1107 35 88 3
1108 37 38 4
1109 79 25 3
1110 89 77 5
1111 85 48 2
1112 46 78 4
1113 26 81 5
1114 45 55 3
1115 76 81 4
1116 34 14 2
1117 120 56 2
1118 119 27 4
1119 110 21 3
1120 35 7 3
1121 70 64 2
1122 42 24 5
1123 28 56 1
1124 120 36 3
1125 99 39 4
1126 82 83 1
1127 70 25 5
1128 94 95 1
1129 83 66 3
1130 17 96 4
1131 44 47 2
1132 65 87 3
1133 113 120 1
1134 62 70 1
1135 103 62 3
1136 101 24 2
1137 39 26 1
1138 70 54 3
1139 70 56 1
1140 109 70 5
1141 72 26 4
1142 35 84 5
1143 82 36 2
1144 4 6 5
1145 98 9 2
1146 88 82 2
1147 2 13 1
1148 76 44 5
1149 81 94 3
1150 50 106 5
1151 42 30 2
1152 32 48 1
1153 119 69 2
1154 47 16 4
1155 28 82 2
1156 71 103 1
1157 88 74 3
1158 4 88 2
1159 42 122 4
1160 51 52 5
1161 115 71 5
1162 91 118 4
1163 16 109 2
1164 53 91 4
1165 110 17 1
1166 113 40 5
1167 108 77 4
1168 44 52 2
1169 83 48 1
1170 48 62 2
1171 26 42 1
1172 24 57 1
1173 90 60 4
1174 98 93 4
1175 8 101 4
1176 87 14 1
1177 1 38 2
1178 95 5 3
1179 116 80 2
1180 58 5 1
1181 27 110 3
1182 106 110 1
1183 63 4 1
1184 22 33 2
1185 92 21 4
1186 91 13 2
1187 58 70 3
1188 119 7 1
1189 12 94 2
1190 81 40 1
1191 39 100 4
1192 104 77 4
1193 70 71 4
1194 9 113 5
1195 18 120 3
1196 2 51 1
1197 44 46 4
1198 75 84 2
1199 13 94 3
1200 39 115 3
1201 105 53 1
1202 20 44 5
1203 97 59 4
1204 33 99 5
1205 49 78 5
1206 107 20 3
1207 47 2 4
1208 115 117 1
1209 102 72 3
1210 75 57 4
1211 27 102 3
1212 109 4 2
1213 28 63 5
1214 92 40 1
1215 78 44 5
1216 35 50 3
1217 11 25 2
1218 110 77 5
1219 92 74 1
1220 20 6 5
1221 72 40 1
1222 117 46 3
1223 79 55 1
1224 4 72 3
1225 60 52 4
1226 64 36 5
1227 103 100 5
1228 84 15 4
1229 76 28 2
1230 45 39 3
1231 64 121 4
1232 11 47 4
1233 55 103 4
1234 60 106 5
1235 15 38 4
1236 56 6 4
1237 84 45 1
1238 113 37 3
1239 24 26 2
1240 118 42 5
1241 96 84 5
1242 85 15 3
1243 13 11 3
1244 122 90 1
1245 26 100 1
1246 122 60 2
1247 35 101 2
1248 10 37 2
1249 69 52 2
1250 40 10 5
1251 55 96 5
1252 86 109 1
1253 103 93 2
1254 6 33 5
1255 2 10 5
1256 55 35 1
1257 66 116 2
1258 78 76 4
1259 83 71 1
1260 84 95 1
1261 61 108 4
1262 35 80 5
1263 99 87 5
1264 45 99 4
1265 104 67 5
1266 16 71 3
1267 78 16 5
1268 15 107 2
1269 38 94 5
1270 14 68 4
1271 102 30 2
1272 46 50 4
1273 54 39 4
1274 99 52 1
1275 39 120 1
1276 37 75 1
1277 3 20 4
1278 63 30 5
1279 117 37 2
1280 60 26 3
1281 15 24 3
1282 32 123 1
1283 0 48 5
1284 31 0 2
1285 1 34 3
1286 97 108 5
1287 104 24 1
1288 76 14 3
1289 74 68 2
1290 77 0 2
1291 75 86 1
1292 57 107 5
1293 89 50 3
1294 85 119 5
1295 86 5 3
1296 95 48 3
1297 92 77 3
1298 16 75 1
1299 101 43 5
1300 41 32 3
1301 9 19 1
1302 32 101 4
1303 75 54 5
1304 91 107 5
1305 84 39 4
1306 88 40 5
1307 29 11 3
1308 107 38 3
1309 73 68 3
1310 20 101 2
1311 79 64 4
1312 88 113 2
1313 113 61 5
1314 0 114 5
1315 73 100 2
1316 115 21 1
1317 59 65 4
1318 73 8 3
1319 46 116 4
1320 35 5 2
1321 79 41 2
1322 89 84 2
1323 118 48 1
1324 35 25 1
1325 34 50 2
1326 93 67 1
1327 5 22 1
1328 29 64 1
1329 81 5 4
1330 50 103 3
1331 116 72 5
1332 66 22 3
1333 30 62 3
1334 41 121 4
1335 102 80 3
1336 77 65 5
1337 9 22 3
1338 66 26 5
1339 44 122 2
1340 75 40 1
1341 19 19 1
1342 88 3 4
1343 10 121 4
1344 88 116 4
1345 13 109 2
1346 44 100 4
1347 114 46 1
1348 20 53 1
1349 30 23 4
1350 91 87 1
1351 82 5 5
1352 78 73 2
1353 92 72 2
1354 9 20 2
1355 51 18 5
1356 18 64 4
1357 64 109 5
1358 17 25 5
1359 113 42 3
1360 56 71 4
1361 88 112 1
1362 86 59 4
1363 98 35 4
1364 24 7 2
1365 38 73 4
1366 37 53 5
1367 30 4 3
1368 43 86 3
1369 113 19 5
1370 60 27 4
1371 36 41 2
1372 97 82 3
1373 83 23 2
1374 58 61 5
1375 19 38 1
1376 80 3 1
1377 110 111 2
1378 53 42 3
1379 51 45 5
1380 33 43 3
1381 123 3 4
1382 38 59 5
1383 52 1 1
1384 11 72 4
1385 121 106 1
1386 47 106 4
1387 28 16 3
1388 24 51 5
1389 103 47 3
1390 42 76 1
1391 43 5 2
1392 60 37 3
1393 52 25 5
1394 45 106 2
1395 97 51 5
1396 15 36 2
1397 7 42 3
1398 31 11 4
1399 33 103 4
1400 20 66 2
1401 93 44 3
1402 101 38 4
1403 20 29 5
1404 44 21 1
1405 119 38 3
1406 7 49 5
1407 72 105 3
1408 1 15 1
1409 68 95 4
1410 122 36 5
1411 111 112 5
1412 43 17 5
1413 123 47 1
1414 79 101 2
1415 87 29 4
1416 13 108 3
1417 116 14 2
1418 43 19 3
1419 47 110 2
1420 41 28 4
1421 54 38 4
1422 14 3 4
1423 107 106 5
1424 65 25 2
1425 5 20 1
1426 121 49 5
1427 9 119 2
1428 65 78 2
1429 92 120 4
1430 1 50 5
1431 14 41 1
1432 110 64 3
1433 23 31 3
1434 63 85 1
1435 13 114 2
1436 43 67 1
1437 91 26 5
1438 33 27 4
1439 42 11 2
1440 84 120 4
1441 106 5 5
1442 112 83 1
1443 88 27 3
1444 83 18 4
1445 85 90 3
1446 35 72 3
1447 80 13 4
1448 51 62 2
1449 19 80 4
1450 96 100 3
1451 34 78 5
1452 116 62 1
1453 1 57 2
1454 30 51 3
1455 4 13 1
1456 9 74 1
1457 56 121 3
1458 27 113 2
1459 29 14 2
1460 83 100 3
1461 52 9 1
1462 84 122 5
1463 40 58 2
1464 80 83 5
1465 39 64 3
1466 83 5 1
1467 119 3 1
1468 43 104 4
1469 64 99 4
1470 59 79 3
1471 115 118 1
1472 5 16 2
1473 53 16 2
1474 72 36 3
1475 76 68 2
1476 5 77 4
1477 50 69 5
1478 58 116 2
1479 105 48 1
1480 37 14 3
1481 90 29 4
1482 34 86 3
1483 104 69 4
1484 54 11 4
1485 114 50 5
1486 72 24 3
1487 39 7 2
1488 109 68 1
1489 15 32 5
1490 111 95 3
1491 19 30 4
1492 49 86 2
1493 88 66 5
1494 14 113 4
1495 32 1 2
1496 57 73 5
1497 36 67 4
1498 97 85 3
1499 105 89 5
1500 45 71 1
1501 59 1 3
1502 22 54 4
1503 57 64 1
1504 9 57 3
1505 44 94 3
1506 74 40 4
1507 72 71 5
1508 99 85 4
1509 36 68 3
1510 109 79 1
1511 92 71 3
1512 104 53 2
1513 94 91 1
1514 67 115 3
1515 119 79 1
1516 91 9 2
1517 114 42 3
1518 3 35 2
1519 60 53 5
1520 45 40 5
1521 29 12 5
1522 20 78 3
1523 2 72 2
1524 25 111 2
1525 87 89 5
1526 34 118 2
1527 73 50 2
1528 3 87 2
1529 61 89 4
1530 77 83 5
1531 82 75 2
1532 73 41 2
1533 106 79 2
1534 76 113 2
1535 49 107 1
1536 39 22 2
1537 37 114 2
1538 90 94 2
1539 49 97 5
1540 57 56 4
1541 45 13 3
1542 119 98 1
1543 120 33 1
1544 29 48 5
1545 30 109 4
1546 95 65 3
1547 49 0 2
1548 26 56 1
1549 19 63 5
1550 40 64 2
1551 108 64 2
1552 32 73 4
1553 14 84 1
1554 114 102 1
1555 117 71 2
1556 114 78 1
1557 96 104 1
1558 84 86 5
1559 22 122 3
1560 47 72 2
1561 36 31 5
1562 53 43 3
1563 86 10 3
1564 9 29 4
1565 47 53 4
1566 71 14 2
1567 53 14 3
1568 97 5 3
1569 22 14 3
1570 16 102 5
1571 52 43 2
1572 59 21 4
1573 107 42 3
1574 54 108 2
1575 78 108 2
1576 30 118 4
1577 62 75 5
1578 23 27 2
1579 91 123 5
1580 52 34 4
1581 47 30 2
1582 41 42 4
1583 39 85 5
1584 1 18 4
1585 11 73 2
1586 43 35 4
1587 104 115 2
1588 78 62 4
1589 113 113 1
1590 39 23 2
1591 43 39 4
1592 74 119 3
1593 113 95 1
1594 41 114 2
1595 61 20 4
1596 33 93 3
1597 63 49 1
1598 70 80 3
1599 45 77 2
1600 45 16 2
1601 121 65 4
1602 52 7 5
1603 119 70 2
1604 81 106 4
1605 25 2 3
1606 87 21 1
1607 120 52 1
1608 43 20 5
1609 60 8 1
1610 27 90 3
1611 81 58 5
1612 86 79 4
1613 4 101 3
1614 64 2 1
1615 35 37 3
1616 35 56 1
1617 106 69 3
1618 112 54 5
1619 41 76 3
1620 47 86 2
1621 57 13 5
1622 48 60 2
1623 110 54 2
1624 110 22 2
1625 21 21 4
1626 39 55 2
1627 3 23 4
1628 5 32 3
1629 81 32 2
1630 85 4 3
1631 43 60 3
1632 2 111 5
1633 106 64 4
1634 91 75 4
1635 51 28 5
1636 6 16 4
1637 25 9 3
1638 76 55 1
1639 33 48 1
1640 48 109 5
1641 72 97 1
1642 0 32 1
1643 95 75 2
1644 29 46 2
1645 92 86 1
1646 18 70 2
1647 120 19 4
1648 70 114 1
1649 122 11 5
1650 31 86 4
1651 15 74 1
1652 30 84 2
1653 92 75 3
1654 39 35 1
1655 14 43 5
1656 48 8 5
1657 16 100 3
1658 20 60 5
1659 1 55 3
1660 36 56 4
1661 100 46 4
1662 84 94 2
1663 69 28 2
1664 114 117 5
1665 9 43 2
1666 100 88 4
1667 50 68 2
1668 88 99 4
1669 44 4 1
1670 39 11 5
1671 50 111 2
1672 109 82 4
1673 57 37 3
1674 106 93 3
1675 119 108 3
1676 71 19 3
1677 96 13 5
1678 34 25 4
1679 99 98 3
1680 36 79 2
1681 95 39 1
1682 35 35 3
1683 61 99 1
1684 48 45 2
1685 52 55 4
1686 73 54 3
1687 17 38 5
1688 50 108 4
1689 13 110 5
1690 117 33 1
1691 77 112 3
1692 0 51 5
1693 99 46 2
1694 89 117 4
1695 67 38 4
1696 22 91 3
1697 110 90 3
1698 47 46 3
1699 85 82 1
1700 47 111 2
1701 89 58 3
1702 4 3 2
1703 109 60 5
1704 121 63 2
1705 59 117 2
1706 30 50 5
1707 72 9 4
1708 83 75 3
1709 92 85 2
1710 80 69 3
1711 57 99 1
1712 81 97 5
1713 27 38 2
1714 21 105 3
1715 4 68 3
1716 95 43 2
1717 34 74 3
1718 8 75 5
1719 108 16 3
1720 86 3 5
1721 49 105 1
1722 70 123 5
1723 113 51 4
1724 73 37 2
1725 15 47 3
1726 42 25 5
1727 14 12 3
1728 56 100 3
1729 111 106 3
1730 32 33 4
1731 97 39 1
1732 99 90 4
1733 88 39 2
1734 5 74 5
1735 99 3 2
1736 53 51 5
1737 29 28 3
1738 37 26 5
1739 0 37 2
1740 99 31 2
1741 79 6 4
1742 3 45 2
1743 47 34 4
1744 79 27 4
1745 48 20 4
1746 52 28 3
1747 120 82 3
1748 111 98 1
1749 68 115 2
1750 72 12 3
1751 36 1 5
1752 83 12 2
1753 13 24 3
1754 99 77 2
1755 29 112 5
1756 52 116 2
1757 118 69 2
1758 58 44 1
1759 114 116 2
1760 70 72 1
1761 15 90 3
1762 67 113 1
1763 31 5 2
1764 108 75 1
1765 69 89 2
1766 17 27 1
1767 81 30 1
1768 71 62 2
1769 70 50 2
1770 57 74 5
1771 37 25 4
1772 54 92 4
1773 98 37 2
1774 30 67 1
1775 35 22 5
1776 66 69 1
1777 80 68 5
1778 109 6 1
1779 85 112 5
1780 5 6 2
1781 21 29 2
1782 112 87 1
1783 70 33 4
1784 33 67 3
1785 70 98 3
1786 24 34 3
1787 85 14 4
1788 75 36 5
1789 108 81 2
1790 30 69 1
1791 13 99 1
1792 94 109 3
1793 110 61 1
1794 107 21 3
1795 16 13 5
1796 0 69 1
1797 81 14 2
1798 85 109 5
1799 101 120 5
1800 39 58 3
1801 78 22 2
1802 28 93 2
1803 104 1 5
1804 55 84 3
1805 114 98 3
1806 17 70 2
1807 72 111 1
1808 97 65 2
1809 103 76 1
1810 55 32 5
1811 10 46 5
1812 0 97 3
1813 50 100 1
1814 38 84 2
1815 76 67 5
1816 21 15 2
1817 52 110 5
1818 43 110 5
1819 11 16 5
1820 70 70 1
1821 98 3 2
1822 120 72 5
1823 105 68 3
1824 56 118 4
1825 50 102 5
1826 12 57 5
1827 97 69 3
1828 19 73 2
1829 85 66 1
1830 42 3 2
1831 39 119 1
1832 26 93 4
1833 103 12 2
1834 96 77 3
1835 18 3 1
1836 67 8 5
1837 122 37 5
1838 1 123 3
1839 23 46 1
1840 18 88 3
1841 67 54 5
1842 62 92 4
1843 31 78 2
1844 67 25 4
1845 9 88 5
1846 43 38 2
1847 116 102 5
1848 121 84 3
1849 15 59 5
1850 74 93 1
1851 114 64 3
1852 80 113 2
1853 21 103 5
1854 5 67 1
1855 18 100 4
1856 26 59 3
1857 99 24 5
1858 69 68 1
1859 70 73 2
1860 21 90 5
1861 107 80 2
1862 80 24 2
1863 72 16 4
1864 74 53 4
1865 99 72 2
1866 76 3 2
1867 68 98 5
1868 119 44 4
1869 69 79 4
1870 47 99 5
1871 41 123 1
1872 46 79 5
1873 0 54 4
1874 78 119 3
1875 74 42 2
1876 6 113 3
1877 122 17 4
1878 98 57 1
1879 98 44 3
1880 107 97 1
1881 17 16 2
1882 47 70 5
1883 8 72 1
1884 76 90 2
1885 86 101 2
1886 43 100 3
1887 73 17 3
1888 16 76 1
1889 8 66 4
1890 27 25 4
1891 68 66 3
1892 57 20 2
1893 7 94 3
1894 61 53 2
1895 108 30 1
1896 88 64 4
1897 100 32 4
1898 98 71 2
1899 14 45 3
1900 84 5 3
1901 95 62 5
1902 17 74 4
1903 104 85 3
1904 6 30 2
1905 118 17 4
1906 86 111 3
1907 93 8 1
1908 26 78 3
1909 108 7 5
1910 91 88 5
1911 65 11 2
1912 38 122 5
1913 8 111 4
1914 31 119 3
1915 70 60 3
1916 77 66 3
1917 78 107 3
1918 13 68 5
1919 76 76 3
1920 6 116 1
1921 59 50 1
1922 77 10 2
1923 121 43 4
1924 80 72 4
1925 61 24 3
1926 75 99 3
1927 6 51 3
1928 96 118 4
1929 104 84 2
1930 122 95 3
1931 110 36 5
1932 11 4 5
1933 65 51 4
1934 87 12 3
1935 33 5 5
1936 20 45 5
1937 109 14 5
1938 114 34 5
1939 33 2 4
1940 90 61 2
1941 97 98 3
1942 42 31 5
1943 11 57 3
1944 105 23 5
1945 96 6 3
1946 85 30 4
1947 23 33 4
1948 40 15 3
1949 49 16 1
1950 17 114 4
1951 104 57 5
1952 41 66 4
1953 2 90 1
1954 54 13 3
1955 61 84 4
1956 112 8 2
1957 75 120 2
1958 31 59 3
1959 121 46 5
1960 123 73 5
1961 35 31 3
1962 65 13 2
1963 43 99 4
1964 75 45 1
1965 19 58 3
1966 103 43 1
1967 6 71 3
1968 114 7 3
1969 94 47 3
1970 66 101 1
1971 69 74 2
1972 18 89 5
1973 8 11 4
1974 74 108 2
1975 50 82 3
1976 92 84 1
1977 123 42 2
1978 64 76 3
1979 117 103 2
1980 62 97 2
1981 42 13 4
1982 81 3 2
1983 70 0 4
1984 2 34 3
1985 20 110 1
1986 78 11 2
1987 63 50 1
1988 50 64 3
1989 35 69 2
1990 63 73 2
1991 66 102 4
1992 57 0 1
1993 69 15 4
1994 74 102 1
1995 42 84 1
1996 43 26 1
1997 54 1 5
1998 93 3 3
1999 118 108 5
2000 88 31 3
2001 97 113 2
2002 109 11 5
2003 73 46 3
2004 79 68 4
2005 90 72 3
2006 118 60 3
2007 61 74 2
2008 112 115 5
2009 66 33 1
2010 60 25 3
2011 39 109 1
2012 103 34 1
2013 108 18 3
2014 54 49 1
2015 87 105 4
2016 64 53 5
2017 27 26 2
2018 35 100 3
2019 61 122 1
2020 60 85 4
2021 104 35 4
2022 78 98 1
2023 84 52 1
2024 52 114 3
2025 30 74 1
2026 90 114 3
2027 45 63 3
2028 100 36 1
2029 79 113 4
2030 114 43 4
2031 83 109 4
2032 122 57 3
2033 12 107 3
2034 59 32 4
2035 34 9 5
2036 53 118 2
2037 74 31 1
2038 22 47 5
2039 4 121 3
2040 92 22 5
2041 101 27 4
2042 92 2 2
2043 96 8 3
2044 48 52 2
2045 24 10 2
2046 13 120 2
2047 100 122 2
2048 122 51 3
2049 61 76 3
2050 95 58 3
2051 9 108 4
2052 22 84 3
2053 47 18 2
2054 8 105 4
2055 94 112 2
2056 33 54 3
2057 52 119 4
2058 95 79 5
2059 103 26 1
2060 122 40 5
2061 67 90 2
2062 0 116 2
2063 2 100 1
2064 96 95 1
2065 76 109 1
2066 59 28 1
2067 76 6 5
2068 98 33 3
2069 100 20 1
2070 4 70 3
2071 43 111 1
2072 121 6 5
2073 11 18 3
2074 68 7 3
2075 75 6 4
2076 80 90 2
2077 40 49 5
2078 114 9 3
2079 106 26 2
2080 49 46 4
2081 89 28 1
2082 62 47 5
2083 66 121 3
2084 99 63 2
2085 99 59 5
2086 62 118 3
2087 40 55 1
2088 63 51 2
2089 12 97 4
2090 38 68 2
2091 108 84 4
2092 47 85 4
2093 91 37 1
2094 62 26 1
2095 58 63 3
2096 75 20 3
2097 34 55 2
2098 82 9 1
2099 113 57 3
2100 49 74 2
2101 71 52 2
2102 16 67 1
2103 48 78 2
2104 57 103 5
2105 4 106 1
2106 25 48 2
2107 108 63 4
2108 90 55 5
2109 110 92 4
2110 117 58 2
2111 102 4 2
2112 12 104 4
2113 32 21 2
2114 51 120 4
2115 76 20 2
2116 8 0 5
2117 18 102 5
2118 65 14 1
2119 10 73 1
2120 54 19 3
2121 54 82 4
2122 111 44 3
2123 70 57 5
2124 97 120 4
2125 40 30 2
2126 22 65 3
2127 25 46 4
2128 110 104 4
2129 43 50 2
2130 80 121 2
2131 119 25 3
2132 49 32 1
2133 79 122 4
2134 20 81 1
2135 73 52 1
2136 11 83 4
2137 19 110 4
2138 63 29 4
2139 46 112 1
2140 3 74 1
2141 34 112 2
2142 90 104 4
2143 37 94 4
2144 36 49 4
2145 53 82 1
2146 50 16 5
2147 5 0 3
2148 81 98 2
2149 39 8 3
2150 67 102 2
2151 35 27 4
2152 39 74 5
2153 4 107 2
2154 118 16 1
2155 109 75 4
2156 44 66 2
2157 91 23 2
2158 16 55 5
2159 10 51 2
2160 115 59 1
2161 95 102 1
2162 119 99 3
2163 8 62 3
2164 42 100 3
2165 96 58 5
2166 62 12 4
2167 66 104 4
2168 112 98 1
2169 75 66 4
2170 86 98 2
2171 88 79 3
2172 80 74 2
2173 13 67 2
2174 115 100 3
2175 34 5 1
2176 66 62 5
2177 9 41 5
2178 53 36 4
2179 3 63 3
2180 16 80 2
2181 81 103 4
2182 2 46 5
2183 31 38 3
2184 123 36 4
2185 94 78 4
2186 106 97 5
2187 47 10 1
2188 71 106 5
2189 96 34 5
2190 83 27 2
2191 66 100 3
2192 114 16 2
2193 82 23 4
2194 122 50 4
2195 46 76 3
2196 80 21 4
2197 63 64 4
2198 95 91 1
2199 87 106 1
2200 116 24 5
2201 11 82 1
2202 119 4 4
2203 6 63 3
2204 107 24 1
2205 121 55 1
2206 89 19 1
2207 98 89 5
2208 36 60 3
2209 115 33 2
2210 113 3 4
2211 55 60 3
2212 105 30 5
2213 14 112 2
2214 55 44 3
2215 35 51 4
2216 28 9 5
2217 99 56 2
2218 21 112 1
2219 85 25 3
2220 5 71 1
2221 63 98 4
2222 112 2 3
2223 116 76 3
2224 104 99 1
2225 22 100 1
2226 56 94 5
2227 29 18 1
2228 93 118 4
2229 107 39 5
2230 113 39 3
2231 14 13 1
2232 63 9 1
2233 35 48 2
2234 61 7 2
2235 28 34 3
2236 12 110 3
2237 105 28 3
2238 85 74 3
2239 101 25 3
2240 40 3 2
2241 76 58 2
2242 41 22 5
2243 59 51 4
2244 33 73 2
2245 17 7 1
2246 107 79 1
2247 111 54 2
2248 112 53 1
2249 118 20 3
2250 109 97 4
2251 93 112 2
2252 77 19 1
2253 72 23 2
2254 18 97 5
2255 69 6 5
2256 8 88 1
2257 47 8 5
2258 34 49 2
2259 87 53 2
2260 22 53 1
2261 23 22 3
2262 110 82 1
2263 107 116 5
2264 43 96 5
2265 61 18 3
2266 110 66 2
2267 13 38 5
2268 92 99 2
2269 7 31 2
2270 90 38 5
2271 38 34 3
2272 16 99 3
2273 31 95 4
2274 75 61 4
2275 5 70 2
2276 67 37 2
2277 52 117 2
2278 83 94 4
2279 96 98 2
2280 109 80 1
2281 82 25 1
2282 30 0 1
2283 14 119 2
2284 52 15 3
2285 74 55 5
2286 45 105 1
2287 32 27 5
2288 62 35 4
2289 99 22 3
2290 84 78 4
2291 9 104 2
2292 58 109 1
2293 65 32 1
2294 7 23 4
2295 55 46 1
2296 64 30 5
2297 66 11 3
2298 32 89 3
2299 113 91 2
2300 73 108 4
2301 32 102 5
2302 77 123 1
2303 60 14 1
2304 14 90 5
2305 102 43 2
2306 47 87 1
2307 26 86 5
2308 7 14 1
2309 117 98 3
2310 74 56 1
2311 118 107 2
2312 115 105 5
2313 91 62 1
2314 101 45 4
2315 87 0 4
2316 63 82 5
2317 7 59 1
2318 6 67 4
2319 54 71 5
2320 57 57 5
2321 98 113 3
2322 9 24 5
2323 90 12 5
2324 111 116 3
2325 18 85 4
2326 6 52 4
2327 64 104 5
2328 47 54 4
2329 57 105 5
2330 72 122 4
2331 55 107 2
2332 88 5 1
2333 79 17 1
2334 75 4 4
2335 91 89 1
2336 24 119 5
2337 4 56 2
2338 18 113 5
2339 112 116 1
2340 116 70 1
2341 6 25 1
2342 79 20 5
2343 121 28 1
2344 113 123 3
2345 80 45 3
2346 98 77 1
2347 4 5 5
2348 32 112 5
2349 109 40 5
2350 71 34 5
2351 64 35 3
2352 111 119 3
2353 72 52 1
2354 123 43 3
2355 21 82 3
2356 96 53 2
2357 29 106 2
2358 26 55 2
2359 70 90 3
2360 33 31 2
2361 57 88 5
2362 71 81 1
2363 55 19 3
2364 89 74 2
2365 36 66 3
2366 5 54 1
2367 71 73 1
2368 97 93 3
2369 69 94 1
2370 45 115 2
2371 1 67 5
2372 74 26 2
2373 17 62 3
2374 101 40 1
2375 38 10 5
2376 0 123 2
2377 103 105 2
2378 6 27 4
2379 21 14 2
2380 62 113 1
2381 64 96 4
2382 120 38 4
2383 107 110 2
2384 28 65 4
2385 100 71 2
2386 37 43 4
2387 50 88 2
2388 52 16 5
2389 96 90 2
2390 118 3 1
2391 90 44 5
2392 111 75 5
2393 56 83 2
2394 120 70 1
2395 39 31 2
2396 91 64 3
2397 11 90 1
2398 70 12 1
2399 65 91 2
2400 100 1 5
2401 2 61 1
2402 103 96 3
2403 2 11 5
2404 122 21 1
2405 105 64 3
2406 10 90 4
2407 31 110 5
2408 41 107 2
2409 100 121 1
2410 74 101 4
2411 20 94 2
2412 120 87 5
2413 15 5 2
2414 48 76 5
2415 79 39 5
2416 37 61 1
2417 17 50 4
2418 34 33 2
2419 25 87 3
2420 74 46 5
2421 15 72 1
2422 44 32 4
2423 16 111 4
2424 93 55 2
2425 81 122 1
2426 81 88 5
2427 66 106 1
2428 24 86 3
2429 56 89 2
2430 6 53 2
2431 53 76 1
2432 101 68 4
2433 81 111 5
2434 21 61 3
2435 97 31 4
2436 86 39 1
2437 96 66 1
2438 121 19 3
2439 47 75 1
2440 47 17 4
2441 104 45 5
2442 55 43 5
2443 9 76 5
2444 73 114 1
2445 13 62 4
2446 101 29 1
2447 1 68 3
2448 55 62 1
2449 62 50 1
2450 101 90 1
2451 58 108 2
2452 110 10 4
2453 3 53 2
2454 92 100 1
2455 11 121 1
2456 89 42 1
2457 11 45 2
2458 19 93 5
2459 77 30 5
2460 56 39 1
2461 99 67 3
2462 3 60 5
2463 10 13 4
2464 91 33 5
2465 48 42 1
2466 33 60 3
2467 64 16 4
2468 115 69 1
2469 122 0 1
2470 8 100 3
2471 85 37 2
2472 7 112 1
2473 47 6 3
2474 108 96 1
2475 70 55 1
2476 117 32 5
2477 24 46 2
2478 58 4 3
2479 29 31 5
2480 103 107 3
2481 44 12 4
2482 59 48 5
2483 74 22 5
2484 5 110 2
2485 77 20 3
2486 90 116 5
2487 15 17 5
2488 31 85 1
2489 91 60 5
2490 57 41 3
2491 86 11 3
2492 74 12 4
2493 67 96 2
2494 15 49 2
2495 8 15 4
2496 36 21 2
2497 13 48 2
2498 86 76 5
2499 115 65 5
2500 70 40 2
2501 64 22 3
2502 110 16 2
2503 113 116 2
2504 112 10 4
2505 87 24 4
2506 5 49 3
2507 6 9 5
2508 93 72 3
2509 107 65 5
2510 71 120 5
2511 82 81 3
2512 76 84 5
2513 114 59 3
2514 63 122 2
2515 60 38 2
2516 30 1 2
2517 25 84 2
2518 103 2 1
2519 37 110 3
2520 65 96 1
2521 5 105 3
2522 123 34 5
2523 92 104 4
2524 24 8 5
2525 15 39 3
2526 74 118 4
2527 54 84 3
2528 56 91 5
2529 102 12 1
2530 87 85 1
2531 7 7 3
2532 1 66 5
2533 21 74 1
2534 28 71 2
2535 19 74 1
2536 82 34 3
2537 76 95 4
2538 92 50 4
2539 82 82 4
2540 87 42 3
2541 39 102 5
2542 18 44 4
2543 32 36 3
2544 44 97 5
2545 2 24 1
2546 75 100 2
2547 0 62 3
2548 5 56 1
2549 53 75 2
2550 75 101 5
2551 72 115 5
2552 92 51 4
2553 24 64 2
2554 51 81 4
2555 101 85 5
2556 15 10 5
2557 2 36 5
2558 72 44 5
2559 23 25 3
2560 59 49 3
2561 35 10 2
2562 91 100 3
2563 73 69 5
2564 19 70 3
2565 116 116 2
2566 71 47 1
2567 68 48 1
2568 47 98 5
2569 47 33 3
2570 77 32 1
2571 17 91 1
2572 101 30 4
2573 122 49 5
2574 23 79 3
2575 59 93 4
2576 24 115 1
2577 107 1 4
2578 82 33 2
2579 0 119 3
2580 106 84 2
2581 47 32 3
2582 40 4 2
2583 29 93 4
2584 19 100 1
2585 59 46 2
2586 10 19 2
2587 87 72 1
2588 120 117 5
2589 119 43 1
2590 64 97 1
2591 99 20 5
2592 35 16 2
2593 50 39 3
2594 0 10 4
2595 73 13 5
2596 73 3 3
2597 40 26 3
2598 95 26 3
2599 123 83 5
2600 78 50 4
2601 15 46 4
2602 105 55 4
2603 97 119 4
2604 102 34 1
2605 12 88 4
2606 50 47 2
2607 74 86 4
2608 6 34 1
2609 92 13 3
2610 15 77 2
2611 105 83 1
2612 80 30 1
2613 93 101 1
2614 65 75 3
2615 35 90 4
2616 90 33 2
2617 18 105 2
2618 6 90 5
2619 102 61 5
2620 104 29 5
2621 118 83 1
2622 0 19 1
2623 110 33 4
2624 121 90 3
2625 8 29 4
2626 59 119 3
2627 53 67 1
2628 24 69 1
2629 92 68 2
2630 109 92 2
2631 29 16 4
2632 114 67 4
2633 66 28 4
2634 11 55 1
2635 22 88 1
2636 118 43 1
2637 20 51 1
2638 40 32 5
2639 58 35 3
2640 70 39 4
2641 56 31 3
2642 86 100 5
2643 98 55 5
2644 56 107 4
2645 53 12 2
2646 78 43 1
2647 74 74 1
2648 103 35 5
2649 19 8 3
2650 61 118 4
2651 55 109 4
2652 10 117 3
2653 43 49 5
2654 103 99 4
2655 62 16 1
2656 31 14 1
2657 9 0 1
2658 123 92 3
2659 106 9 1
2660 42 117 1
2661 49 113 2
2662 56 117 1
2663 79 87 1
2664 77 107 2
2665 84 7 2
2666 58 60 5
2667 9 54 1
2668 89 109 5
2669 38 91 2
2670 65 60 1
2671 117 88 3
2672 21 25 2
2673 111 0 4
2674 32 116 4
2675 59 85 5
2676 81 10 5
2677 22 120 4
2678 11 67 5
2679 97 13 5
2680 70 34 4
2681 12 23 5
2682 40 24 1
2683 95 97 4
2684 47 29 2
2685 36 61 3
2686 49 68 1
2687 60 54 3
2688 58 8 2
2689 102 17 2
2690 12 64 1
2691 82 27 2
2692 47 67 3
2693 37 99 3
2694 71 85 4
2695 79 28 2
2696 45 100 3
2697 51 19 2
2698 101 41 2
2699 114 6 5
2700 106 90 3
2701 12 49 2
2702 57 116 1
2703 61 9 3
2704 49 57 5
2705 25 106 1
2706 52 66 5
2707 81 36 2
2708 83 50 5
2709 5 60 5
2710 76 104 1
2711 106 102 2
2712 10 53 5
2713 15 119 4
2714 123 28 3
2715 18 18 3
2716 15 37 1
2717 60 10 2
2718 27 4 4
2719 114 58 3
2720 57 6 5
2721 33 52 1
2722 24 6 1
2723 89 81 1
2724 87 35 1
2725 12 26 5
2726 107 40 2
2727 44 57 2
2728 88 54 1
2729 90 57 1
2730 113 87 1
2731 21 118 1
2732 107 62 5
2733 19 33 1
2734 44 49 1
2735 40 69 3
2736 77 12 4
2737 89 97 4
2738 77 13 1
2739 116 71 3
2740 49 111 1
2741 103 78 4
2742 10 64 5
2743 1 53 5
2744 120 2 5
2745 80 104 1
2746 114 66 1
2747 11 52 3
2748 123 122 3
2749 64 33 3
2750 64 48 2
2751 67 73 2
2752 109 78 2
2753 45 123 4
2754 72 110 2
2755 117 75 3
2756 120 55 4
2757 18 33 3
2758 49 80 4
2759 23 115 3
2760 118 64 4
2761 89 93 1
2762 107 63 4
2763 69 39 3
2764 4 15 1
2765 62 4 3
2766 103 60 5
2767 75 58 5
2768 49 26 5
2769 12 60 2
2770 7 66 5
2771 4 66 5
2772 22 1 5
2773 96 101 3
2774 116 18 2
2775 103 25 2
2776 47 113 4
2777 72 113 2
2778 57 72 4
2779 91 109 1
2780 121 88 5
2781 113 89 4
2782 90 16 5
2783 34 26 5
2784 100 93 4
2785 48 120 5
2786 103 114 4
2787 111 13 4
2788 87 64 3
2789 58 15 2
2790 111 11 1
2791 109 19 3
2792 114 81 3
2793 73 105 5
2794 78 2 4
2795 66 91 2
2796 90 108 2
2797 7 33 5
2798 33 74 5
2799 21 73 5
2800 23 97 4
2801 4 60 4
2802 38 36 5
2803 64 5 4
2804 22 116 1
2805 123 29 1
2806 121 114 2
2807 80 10 5
2808 95 50 2
2809 37 69 5
2810 82 112 1
2811 107 31 2
2812 118 122 4
2813 119 49 5
2814 122 52 5
2815 120 28 1
2816 85 32 1
2817 121 72 5
2818 62 81 1
2819 26 44 4
2820 1 21 3
2821 7 110 5
2822 112 67 2
2823 28 50 1
2824 118 79 2
2825 17 3 1
2826 106 16 3
2827 46 22 2
2828 39 30 1
2829 52 76 1
2830 66 122 5
2831 113 8 4
2832 40 39 4
2833 101 12 3
2834 122 111 2
0 75 11
1 93 98
2 21 32
3 65 0
4 61 55
5 44 26
6 69 33
7 98 75
8 103 93
9 12 47
10 100 24
11 88 94
12 44 53
13 65 47
14 16 8
15 115 32
16 15 59
17 104 71
18 109 121
19 25 110
20 82 34
21 65 104
22 96 114
23 44 105
24 6 16
25 86 21
26 18 106
27 73 92
28 49 42
29 3 102
30 18 105
31 33 85
32 95 101
33 104 117
34 73 64
