187 2134 12
0 4
1 2
2 4
3 5
4 3
5 4
6 4
7 3
8 4
9 4
10 5
11 1
12 2
13 4
14 3
15 4
16 3
17 4
18 3
19 5
20 2
21 1
22 5
23 2
24 3
25 4
26 4
27 4
28 1
29 2
30 1
31 1
32 5
33 5
34 5
35 4
36 5
37 1
38 1
39 3
40 4
41 5
42 2
43 2
44 2
45 5
46 1
47 5
48 4
49 1
50 2
51 2
52 5
53 3
54 4
55 4
56 2
57 5
58 4
59 5
60 2
61 3
62 2
63 5
64 4
65 2
66 4
67 5
68 2
69 4
70 3
71 5
72 3
73 5
74 5
75 1
76 5
77 2
78 3
79 3
80 5
81 4
82 2
83 2
84 1
85 2
86 2
87 5
88 5
89 4
90 5
91 5
92 4
93 1
94 1
95 3
96 5
97 2
98 1
99 3
100 1
101 2
102 5
103 4
104 2
105 2
106 5
107 2
108 1
109 4
110 5
111 3
112 3
113 1
114 1
115 3
116 1
117 4
118 3
119 1
120 4
121 5
122 4
123 1
124 3
125 3
126 5
127 4
128 2
129 1
130 4
131 2
132 2
133 1
134 3
135 4
136 5
137 5
138 5
139 3
140 1
141 3
142 4
143 3
144 3
145 1
146 5
147 1
148 2
149 4
150 5
151 5
152 5
153 3
154 2
155 1
156 3
157 4
158 4
159 4
160 5
161 1
162 1
163 4
164 1
165 5
166 1
167 4
168 3
169 1
170 5
171 4
172 4
173 5
174 5
175 5
176 3
177 1
178 5
179 1
180 3
181 2
182 2
183 1
184 3
185 2
186 5
0 150 69 3
1 105 34 3
2 126 63 5
3 1 164 5
4 71 122 1
5 67 50 2
6 109 124 3
7 140 162 4
8 79 97 4
9 29 47 2
10 77 47 3
11 40 154 4
12 86 58 5
13 77 104 2
14 152 55 1
15 90 110 3
16 145 169 1
17 41 179 5
18 32 107 5
19 161 44 5
20 24 140 3
21 5 135 4
22 117 36 4
23 70 186 1
24 174 54 1
25 108 16 3
26 76 10 1
27 168 32 4
28 18 142 5
29 80 29 2
30 144 33 2
31 101 98 5
32 176 170 1
33 144 125 3
34 98 150 5
35 20 139 1
36 14 172 5
37 72 109 2
38 24 114 4
39 68 117 5
40 62 56 4
41 83 2 5
42 45 44 4
43 26 51 1
44 11 21 5
45 137 122 5
46 176 92 4
47 180 137 2
48 165 52 4
49 98 20 4
50 29 12 2
51 159 46 3
52 78 18 2
53 173 138 5
54 168 18 1
55 53 37 2
56 96 112 1
57 140 174 5
58 34 23 1
59 21 39 3
60 167 29 4
61 166 95 5
62 39 173 4
63 94 163 4
64 60 145 1
65 101 93 2
66 170 121 5
67 155 67 3
68 178 117 3
69 12 54 1
70 103 70 2
71 80 0 5
72 20 122 1
73 5 143 4
74 123 155 3
75 83 118 5
76 66 111 4
77 91 84 1
78 162 90 4
79 158 16 1
80 16 43 1
81 159 149 2
82 148 152 3
83 164 104 3
84 50 9 4
85 181 117 5
86 77 79 3
87 157 138 3
88 57 2 5
89 148 38 5
90 69 75 5
91 63 43 1
92 32 180 5
93 4 45 1
94 63 73 2
95 56 162 3
96 51 114 4
97 121 56 2
98 155 59 2
99 151 32 2
100 68 163 2
101 37 11 1
102 125 40 1
103 142 6 2
104 111 127 1
105 14 2 3
106 30 89 4
107 8 83 3
108 62 11 4
109 49 159 4
110 13 133 3
111 61 182 3
112 168 123 2
113 47 160 1
114 121 171 2
115 32 93 2
116 6 133 1
117 20 51 1
118 22 51 4
119 165 57 2
120 72 118 5
121 22 145 4
122 129 6 3
123 133 49 1
124 94 72 3
125 41 122 1
126 101 135 1
127 61 169 1
128 12 148 3
129 167 31 4
130 95 76 4
131 55 10 3
132 34 8 3
133 178 11 2
134 29 18 1
135 113 65 5
136 18 57 1
137 57 163 5
138 83 104 4
139 86 61 2
140 20 158 1
141 20 77 2
142 147 42 3
143 148 35 2
144 62 172 4
145 55 58 3
146 24 164 2
147 17 181 3
148 95 39 5
149 29 82 1
150 151 182 4
151 10 69 1
152 155 94 1
153 99 104 5
154 45 24 5
155 72 182 4
156 81 123 2
157 147 138 1
158 156 107 5
159 160 85 5
160 73 67 1
161 102 180 5
162 175 17 2
163 19 124 5
164 114 111 1
165 52 90 1
166 78 73 1
167 135 176 1
168 181 60 5
169 129 54 5
170 30 81 5
171 150 10 1
172 67 81 2
173 69 107 5
174 68 108 3
175 144 118 1
176 127 49 1
177 19 41 3
178 56 97 1
179 111 37 2
180 58 118 1
181 6 162 2
182 116 47 2
183 3 118 5
184 178 109 5
185 82 132 2
186 95 182 2
187 55 122 1
188 134 78 3
189 49 50 3
190 103 33 3
191 57 28 1
192 66 80 1
193 47 70 2
194 64 15 4
195 121 159 1
196 51 100 5
197 76 185 4
198 4 149 4
199 147 35 5
200 101 81 4
201 81 71 4
202 98 86 1
203 136 177 4
204 117 25 4
205 48 57 1
206 149 99 2
207 67 24 4
208 111 132 3
209 108 157 3
210 10 113 4
211 55 163 2
212 83 123 4
213 40 73 5
214 124 57 4
215 96 31 5
216 130 140 3
217 73 110 3
218 13 157 5
219 101 10 5
220 27 62 4
221 133 0 4
222 185 39 1
223 13 52 1
224 159 59 1
225 24 121 1
226 116 148 1
227 132 81 1
228 30 132 1
229 56 29 2
230 46 164 1
231 60 43 5
232 48 73 2
233 46 112 4
234 116 100 3
235 82 11 3
236 134 179 3
237 68 22 1
238 120 130 4
239 142 59 5
240 74 67 1
241 170 104 4
242 24 0 5
243 119 58 4
244 37 4 2
245 105 108 1
246 166 27 5
247 9 56 4
248 131 57 3
249 155 136 1
250 154 130 5
251 152 58 5
252 60 1 2
253 49 11 1
254 67 32 1
255 61 95 2
256 86 57 3
257 11 169 1
258 43 117 5
259 129 130 1
260 135 125 3
261 89 39 1
262 73 90 1
263 122 43 3
264 140 163 4
265 74 158 1
266 67 115 1
267 148 115 4
268 114 157 3
269 46 69 1
270 134 117 5
271 110 72 3
272 60 24 5
273 156 145 5
274 110 4 4
275 126 79 2
276 89 101 1
277 104 98 3
278 0 61 2
279 68 45 2
280 66 133 5
281 177 80 5
282 153 138 4
283 113 82 4
284 46 91 4
285 149 68 3
286 63 66 3
287 49 143 1
288 124 120 2
289 21 107 5
290 51 0 5
291 164 42 2
292 113 1 4
293 52 183 5
294 64 182 5
295 86 59 2
296 109 48 2
297 110 89 3
298 112 122 3
299 54 159 5
300 65 121 2
301 140 77 4
302 92 25 4
303 51 74 4
304 13 101 1
305 161 163 4
306 51 150 2
307 33 52 3
308 42 172 2
309 7 33 2
310 149 52 4
311 133 85 3
312 41 128 4
313 136 114 3
314 124 39 5
315 96 1 1
316 68 138 4
317 113 108 2
318 14 55 1
319 141 23 5
320 18 175 5
321 34 7 1
322 138 112 1
323 179 111 3
324 19 170 2
325 158 28 2
326 43 112 2
327 172 73 4
328 73 24 1
329 174 117 2
330 79 172 2
331 160 180 3
332 42 27 4
333 116 82 5
334 103 1 5
335 25 6 2
336 100 61 3
337 147 120 3
338 137 105 5
339 69 84 1
340 172 108 2
341 87 92 4
342 14 160 1
343 161 6 1
344 58 139 2
345 66 88 2
346 72 103 2
347 101 31 2
348 178 48 4
349 123 54 5
350 37 3 2
351 119 41 5
352 110 133 1
353 3 161 1
354 2 98 5
355 124 100 4
356 12 129 4
357 82 6 3
358 117 1 2
359 125 164 4
360 165 83 2
361 0 31 3
362 107 0 2
363 181 175 1
364 170 46 2
365 36 74 2
366 130 35 4
367 39 142 5
368 35 161 2
369 78 58 5
370 36 135 1
371 140 180 3
372 64 185 3
373 171 157 5
374 148 74 4
375 148 78 1
376 48 27 3
377 61 158 4
378 86 92 5
379 109 93 3
380 72 122 1
381 98 92 3
382 178 147 1
383 151 114 4
384 131 135 2
385 38 133 3
386 3 10 2
387 50 62 1
388 56 134 2
389 108 59 3
390 183 32 5
391 133 124 3
392 56 64 3
393 21 150 3
394 29 84 2
395 111 163 3
396 18 93 5
397 154 155 1
398 134 107 3
399 68 60 5
400 81 118 1
401 79 1 5
402 118 21 3
403 125 88 4
404 103 119 1
405 32 185 4
406 158 128 4
407 38 36 4
408 172 128 5
409 62 35 1
410 7 124 1
411 130 63 4
412 84 28 4
413 76 79 1
414 156 131 4
415 54 67 3
416 69 79 5
417 45 106 4
418 147 26 2
419 11 124 5
420 63 114 4
421 168 112 4
422 3 168 1
423 71 15 5
424 17 21 4
425 106 118 2
426 180 154 2
427 29 20 3
428 54 143 3
429 169 135 3
430 75 98 5
431 104 88 5
432 53 42 5
433 20 110 1
434 157 17 4
435 77 115 3
436 167 41 5
437 103 163 1
438 47 105 3
439 61 34 4
440 18 60 3
441 139 81 2
442 39 97 5
443 145 115 1
444 165 58 4
445 79 52 3
446 2 24 3
447 131 45 5
448 162 176 4
449 170 51 4
450 110 109 4
451 109 68 3
452 91 125 5
453 0 83 2
454 38 62 1
455 167 68 2
456 90 59 5
457 172 152 5
458 97 101 1
459 115 70 1
460 133 151 3
461 112 140 5
462 92 103 4
463 101 101 1
464 116 163 4
465 182 184 1
466 11 84 3
467 118 62 1
468 68 134 5
469 57 121 5
470 128 122 3
471 54 181 3
472 172 95 4
473 48 100 2
474 93 50 2
475 180 53 1
476 53 89 3
477 23 41 1
478 86 41 4
479 31 146 4
480 5 111 3
481 164 15 5
482 140 99 5
483 90 105 3
484 42 98 3
485 71 184 1
486 133 153 2
487 0 40 3
488 34 157 4
489 62 71 4
490 64 49 2
491 81 111 5
492 80 63 1
493 56 108 1
494 24 154 3
495 130 14 1
496 154 59 3
497 144 106 5
498 172 90 4
499 3 182 2
500 119 35 4
501 157 32 2
502 172 68 4
503 47 133 3
504 111 146 2
505 58 116 2
506 171 3 3
507 133 90 1
508 173 7 1
509 7 171 1
510 48 34 1
511 137 43 2
512 60 91 1
513 75 88 4
514 40 45 2
515 161 129 1
516 8 32 4
517 152 115 5
518 85 145 4
519 111 160 4
520 92 6 2
521 75 119 4
522 170 30 1
523 173 4 3
524 36 22 4
525 56 104 4
526 75 184 2
527 164 80 1
528 109 19 1
529 179 170 2
530 46 157 4
531 51 160 3
532 36 100 1
533 161 118 1
534 125 141 2
535 59 118 5
536 186 25 5
537 5 141 5
538 1 43 5
539 12 57 1
540 36 83 2
541 56 126 5
542 78 127 2
543 55 87 3
544 34 131 1
545 35 110 2
546 87 123 4
547 132 23 3
548 170 162 3
549 15 151 3
550 29 63 4
551 104 95 1
552 93 131 5
553 172 75 2
554 96 65 4
555 37 9 5
556 63 162 5
557 99 185 5
558 170 151 1
559 174 136 2
560 50 44 2
561 119 159 1
562 3 93 3
563 151 160 5
564 173 110 3
565 53 56 2
566 61 164 5
567 36 45 2
568 21 12 2
569 25 79 4
570 106 138 4
571 104 89 2
572 183 145 1
573 10 16 5
574 15 45 1
575 32 116 4
576 135 172 3
577 100 110 5
578 73 10 3
579 179 124 5
580 41 142 2
581 75 43 2
582 83 42 3
583 179 80 3
584 99 13 3
585 72 152 2
586 66 21 2
587 72 35 4
588 136 132 5
589 69 180 2
590 35 19 4
591 43 61 4
592 66 73 2
593 46 132 3
594 84 59 1
595 13 43 4
596 116 0 2
597 150 71 2
598 62 186 1
599 74 104 2
600 110 107 2
601 163 46 2
602 165 74 2
603 145 101 3
604 66 72 1
605 184 11 1
606 178 142 3
607 108 0 5
608 75 65 2
609 141 76 5
610 53 30 3
611 54 62 3
612 127 150 1
613 47 123 4
614 107 100 3
615 121 180 4
616 154 26 1
617 12 130 3
618 182 92 3
619 179 72 1
620 21 82 1
621 79 136 4
622 23 125 1
623 68 56 3
624 27 69 3
625 134 150 2
626 81 68 5
627 119 119 2
628 163 34 3
629 5 1 2
630 109 15 4
631 49 98 1
632 82 163 2
633 134 71 4
634 16 87 5
635 79 90 2
636 45 10 5
637 168 51 4
638 174 97 3
639 19 119 3
640 73 75 4
641 185 136 1
642 169 137 2
643 75 125 1
644 135 58 5
645 59 76 5
646 98 33 4
647 90 175 5
648 160 156 1
649 160 39 2
650 69 111 3
651 20 184 1
652 17 171 5
653 50 34 2
654 47 44 3
655 46 129 4
656 32 10 2
657 131 35 3
658 176 79 5
659 126 153 4
660 141 75 4
661 149 80 1
662 87 35 1
663 13 32 3
664 178 100 4
665 81 110 1
666 93 85 3
667 93 159 1
668 136 103 2
669 74 147 2
670 117 184 5
671 129 106 5
672 21 177 5
673 59 144 3
674 181 164 4
675 138 168 1
676 148 153 5
677 101 128 3
678 141 174 3
679 4 129 2
680 137 107 3
681 106 80 3
682 39 177 3
683 113 18 5
684 186 31 3
685 164 31 2
686 35 159 2
687 3 61 5
688 73 108 2
689 184 6 4
690 36 160 1
691 151 62 1
692 52 87 2
693 7 71 3
694 102 185 1
695 113 60 1
696 19 96 4
697 41 112 5
698 165 142 4
699 5 103 3
700 151 11 2
701 185 130 1
702 43 165 1
703 9 138 4
704 36 37 1
705 62 146 2
706 81 122 4
707 83 159 1
708 114 42 1
709 186 63 3
710 116 144 2
711 82 136 5
712 79 181 4
713 165 89 4
714 3 183 1
715 124 111 3
716 133 154 2
717 70 72 5
718 47 53 4
719 4 21 3
720 150 179 1
721 120 102 5
722 55 123 2
723 116 40 4
724 2 88 2
725 186 124 2
726 44 39 2
727 14 0 2
728 41 104 3
729 48 46 3
730 80 172 4
731 166 91 4
732 42 50 1
733 56 45 4
734 125 62 2
735 98 82 2
736 167 120 2
737 8 11 5
738 44 177 5
739 63 103 2
740 32 72 2
741 168 168 5
742 18 126 5
743 49 160 5
744 88 55 5
745 107 176 1
746 77 67 1
747 52 75 3
748 78 101 4
749 5 30 3
750 145 104 1
751 182 73 5
752 64 99 2
753 110 34 1
754 4 40 1
755 75 124 1
756 66 170 4
757 51 72 3
758 10 64 3
759 87 60 4
760 117 90 1
761 46 105 5
762 130 53 3
763 104 66 1
764 90 97 1
765 94 24 4
766 11 12 1
767 164 161 2
768 145 19 2
769 184 1 5
770 154 32 4
771 59 176 1
772 41 170 1
773 184 51 1
774 88 14 4
775 186 161 1
776 92 1 3
777 156 183 2
778 84 48 1
779 129 96 1
780 123 67 2
781 94 14 2
782 170 70 4
783 110 159 5
784 179 18 5
785 57 166 1
786 96 153 1
787 74 151 4
788 100 143 3
789 118 37 1
790 13 158 4
791 96 72 3
792 140 126 1
793 47 23 3
794 172 30 4
795 135 184 4
796 97 49 1
797 158 58 5
798 11 68 1
799 42 17 4
800 47 94 2
801 83 88 3
802 134 147 4
803 36 81 5
804 25 154 4
805 69 25 4
806 2 116 4
807 127 100 4
808 184 25 3
809 153 149 3
810 13 70 1
811 136 160 4
812 69 42 1
813 46 52 5
814 118 13 2
815 56 67 4
816 91 114 1
817 46 16 3
818 1 110 3
819 180 43 5
820 137 100 5
821 162 132 1
822 93 22 1
823 55 21 4
824 16 27 2
825 46 171 2
826 2 145 2
827 77 4 5
828 139 86 5
829 19 16 1
830 57 174 5
831 66 129 5
832 49 135 4
833 14 115 1
834 80 1 4
835 85 141 3
836 129 163 1
837 36 27 3
838 35 133 4
839 74 115 5
840 57 49 3
841 47 178 2
842 56 26 2
843 2 115 3
844 6 179 2
845 174 73 4
846 76 47 1
847 119 39 4
848 145 16 2
849 131 5 4
850 150 87 1
851 55 36 2
852 52 73 2
853 161 31 5
854 122 30 4
855 185 5 3
856 1 1 3
857 44 59 5
858 125 159 3
859 151 147 3
860 136 148 5
861 52 52 3
862 128 151 5
863 68 84 4
864 27 118 1
865 149 169 5
866 0 19 5
867 70 36 2
868 35 129 5
869 157 162 2
870 78 117 5
871 50 101 5
872 155 147 5
873 182 5 5
874 68 54 1
875 183 181 2
876 25 158 3
877 165 56 1
878 96 85 3
879 13 92 2
880 170 185 2
881 80 47 5
882 148 60 1
883 157 27 2
884 135 182 5
885 44 108 5
886 2 41 2
887 84 130 4
888 147 67 1
889 169 26 3
890 92 73 4
891 132 52 5
892 44 84 2
893 1 37 2
894 41 174 1
895 47 150 3
896 7 76 5
897 99 5 5
898 54 48 4
899 12 1 1
900 68 35 5
901 159 137 2
902 59 85 2
903 30 103 4
904 182 108 3
905 144 14 3
906 150 54 2
907 155 73 1
908 62 148 3
909 112 8 5
910 127 106 1
911 158 163 3
912 183 104 3
913 122 117 1
914 37 146 3
915 11 127 3
916 76 64 3
917 93 49 5
918 52 154 4
919 63 41 2
920 28 29 4
921 177 151 1
922 65 171 4
923 88 40 2
924 118 36 2
925 113 146 4
926 110 14 2
927 88 64 1
928 92 77 4
929 39 1 2
930 108 49 5
931 0 180 4
932 52 49 3
933 54 76 2
934 29 129 3
935 30 123 4
936 133 32 3
937 8 125 5
938 27 22 3
939 32 158 5
940 138 31 3
941 56 106 4
942 110 54 4
943 58 151 5
944 85 18 2
945 86 176 3
946 131 69 2
947 147 47 3
948 119 124 2
949 88 49 3
950 108 168 4
951 148 45 5
952 49 77 2
953 132 138 4
954 40 11 3
955 174 46 2
956 93 24 5
957 89 1 4
958 179 95 3
959 117 82 5
960 62 65 1
961 56 16 1
962 69 108 1
963 153 16 4
964 163 73 4
965 158 129 2
966 173 8 4
967 181 171 1
968 135 129 4
969 70 165 2
970 81 154 1
971 95 41 1
972 95 144 5
973 2 109 5
974 48 22 4
975 179 165 3
976 29 135 5
977 103 162 1
978 76 162 2
979 98 173 2
980 130 81 4
981 160 106 1
982 181 21 5
983 47 127 1
984 22 139 4
985 50 65 3
986 74 97 5
987 3 74 1
988 20 146 4
989 185 31 5
990 184 30 3
991 155 169 2
992 151 179 4
993 6 77 5
994 170 145 2
995 7 84 3
996 111 55 1
997 51 24 3
998 85 75 5
999 157 130 2
1000 41 163 1
1001 71 145 1
1002 53 54 1
1003 136 10 3
1004 152 52 3
1005 70 138 3
1006 54 1 4
1007 16 62 3
1008 105 181 3
1009 145 157 5
1010 162 172 5
1011 128 88 4
1012 0 172 5
1013 120 110 1
1014 80 125 3
1015 29 176 2
1016 139 61 3
1017 35 105 4
1018 38 108 3
1019 76 45 2
1020 174 167 1
1021 103 27 5
1022 54 107 4
1023 155 129 1
1024 29 25 5
1025 164 139 1
1026 105 166 4
1027 120 73 2
1028 84 122 1
1029 50 181 2
1030 126 26 2
1031 176 178 5
1032 108 184 4
1033 73 161 5
1034 21 49 3
1035 45 27 2
1036 118 85 5
1037 37 81 4
1038 167 34 1
1039 104 68 1
1040 45 29 4
1041 15 177 3
1042 47 16 5
1043 63 10 5
1044 101 71 1
1045 174 3 3
1046 87 81 3
1047 45 135 3
1048 108 146 1
1049 102 24 5
1050 4 57 3
1051 103 147 5
1052 132 64 2
1053 145 114 1
1054 114 104 1
1055 125 125 5
1056 152 67 4
1057 132 77 5
1058 39 33 5
1059 163 53 1
1060 173 135 4
1061 170 134 2
1062 44 7 5
1063 139 150 5
1064 88 27 2
1065 141 155 5
1066 23 148 3
1067 155 135 3
1068 36 6 5
1069 179 109 5
1070 152 27 1
1071 140 148 3
1072 114 118 3
1073 47 43 1
1074 140 41 2
1075 130 42 1
1076 153 36 1
1077 142 138 3
1078 67 105 3
1079 21 8 2
1080 45 73 2
1081 181 137 4
1082 105 30 3
1083 10 17 1
1084 144 72 3
1085 52 93 5
1086 120 169 4
1087 32 31 5
1088 144 97 1
1089 37 68 5
1090 164 12 1
1091 119 99 2
1092 24 103 1
1093 7 23 5
1094 155 42 1
1095 131 26 3
1096 104 155 2
1097 102 23 3
1098 30 23 1
1099 15 101 1
1100 32 101 2
1101 162 77 4
1102 120 151 5
1103 10 117 4
1104 57 3 1
1105 16 177 4
1106 139 103 3
1107 126 7 1
1108 67 125 5
1109 4 92 3
1110 53 57 1
1111 109 183 3
1112 168 26 3
1113 113 162 2
1114 152 44 1
1115 48 165 1
1116 25 14 1
1117 76 183 1
1118 2 21 2
1119 156 75 1
1120 100 130 5
1121 1 185 5
1122 90 113 2
1123 138 52 1
1124 149 11 4
1125 17 0 5
1126 12 153 4
1127 95 37 1
1128 138 21 3
1129 113 74 4
1130 27 185 4
1131 23 63 3
1132 71 130 1
1133 6 155 2
1134 106 156 4
1135 151 183 2
1136 66 43 3
1137 20 150 5
1138 61 102 3
1139 8 67 2
1140 60 120 3
1141 6 186 2
1142 101 39 3
1143 47 163 3
1144 100 103 4
1145 27 160 3
1146 112 92 3
1147 16 184 4
1148 32 21 1
1149 60 168 1
1150 99 101 1
1151 109 25 3
1152 159 8 1
1153 15 165 4
1154 117 110 1
1155 2 35 5
1156 108 14 4
1157 152 114 1
1158 167 83 5
1159 68 61 4
1160 99 170 4
1161 47 48 1
1162 144 58 5
1163 127 121 1
1164 96 66 5
1165 31 4 4
1166 37 149 2
1167 40 49 1
1168 16 120 4
1169 132 135 5
1170 173 40 5
1171 146 67 2
1172 172 82 3
1173 16 20 5
1174 81 104 4
1175 102 38 2
1176 0 157 1
1177 49 66 1
1178 56 19 3
1179 118 140 4
1180 96 124 5
1181 182 50 5
1182 65 125 5
1183 23 77 1
1184 138 128 4
1185 179 146 5
1186 22 97 5
1187 94 145 4
1188 40 23 4
1189 137 139 3
1190 101 180 4
1191 154 30 5
1192 25 161 4
1193 117 52 1
1194 7 136 2
1195 17 87 2
1196 166 23 3
1197 42 15 4
1198 12 101 5
1199 93 106 1
1200 176 160 2
1201 75 135 2
1202 0 169 1
1203 52 122 1
1204 76 118 4
1205 51 182 3
1206 186 32 1
1207 144 157 2
1208 119 82 5
1209 135 137 5
1210 48 149 1
1211 12 138 5
1212 157 23 3
1213 94 20 2
1214 117 185 2
1215 86 5 1
1216 165 131 4
1217 13 131 1
1218 59 23 4
1219 83 170 5
1220 41 144 2
1221 172 171 4
1222 145 32 5
1223 63 36 4
1224 85 47 5
1225 127 37 3
1226 46 82 3
1227 88 78 5
1228 76 181 2
1229 179 47 2
1230 176 83 1
1231 165 18 5
1232 127 109 5
1233 54 41 5
1234 115 104 5
1235 44 139 1
1236 174 108 2
1237 178 34 3
1238 58 0 5
1239 159 82 2
1240 12 2 2
1241 88 126 3
1242 171 178 2
1243 136 167 5
1244 184 43 3
1245 83 139 1
1246 107 104 3
1247 5 12 2
1248 141 108 3
1249 145 20 5
1250 153 74 2
1251 90 14 4
1252 104 102 4
1253 81 158 1
1254 120 56 2
1255 128 106 1
1256 167 52 1
1257 55 150 5
1258 136 43 5
1259 91 92 1
1260 70 11 3
1261 108 17 5
1262 100 33 4
1263 86 10 5
1264 39 5 1
1265 26 15 2
1266 157 91 3
1267 20 92 3
1268 88 133 2
1269 122 54 1
1270 71 128 1
1271 124 60 2
1272 159 86 4
1273 2 101 2
1274 112 117 5
1275 43 71 5
1276 157 49 3
1277 97 184 5
1278 48 179 4
1279 37 44 3
1280 171 34 4
1281 116 75 5
1282 113 124 4
1283 83 164 5
1284 151 148 2
1285 70 49 1
1286 163 139 4
1287 64 36 4
1288 165 130 2
1289 82 18 3
1290 179 130 5
1291 81 79 4
1292 109 20 4
1293 114 92 4
1294 97 120 1
1295 74 17 1
1296 82 139 3
1297 152 87 2
1298 8 29 3
1299 69 172 5
1300 157 73 4
1301 178 31 3
1302 133 73 2
1303 48 112 4
1304 170 152 3
1305 10 65 4
1306 53 120 5
1307 89 9 5
1308 8 116 3
1309 52 116 5
1310 88 113 4
1311 0 118 1
1312 91 122 2
1313 108 76 2
1314 89 75 4
1315 3 34 2
1316 185 38 4
1317 112 44 2
1318 159 101 3
1319 156 10 5
1320 103 154 3
1321 13 7 4
1322 2 141 2
1323 111 92 4
1324 169 179 2
1325 35 98 1
1326 61 166 1
1327 123 169 3
1328 89 92 5
1329 7 27 1
1330 2 20 1
1331 111 82 4
1332 29 44 3
1333 8 47 2
1334 169 131 3
1335 68 165 1
1336 56 7 1
1337 150 186 5
1338 44 66 5
1339 43 121 1
1340 158 161 4
1341 34 26 4
1342 142 47 2
1343 52 157 1
1344 148 9 5
1345 16 0 1
1346 12 78 2
1347 115 22 1
1348 7 186 2
1349 42 4 1
1350 46 55 3
1351 154 69 4
1352 110 97 1
1353 45 57 4
1354 5 93 3
1355 30 1 3
1356 60 154 4
1357 130 147 2
1358 40 160 3
1359 46 104 2
1360 90 144 3
1361 66 12 5
1362 29 76 2
1363 167 97 3
1364 76 144 2
1365 107 39 4
1366 28 146 5
1367 177 71 4
1368 116 115 4
1369 80 70 5
1370 29 77 5
1371 12 132 3
1372 178 82 4
1373 9 88 1
1374 21 149 1
1375 113 113 4
1376 33 54 1
1377 174 77 5
1378 165 45 3
1379 18 176 4
1380 135 95 4
1381 147 149 2
1382 104 103 1
1383 22 33 5
1384 36 17 2
1385 140 181 1
1386 157 105 4
1387 149 140 2
1388 184 126 5
1389 58 137 4
1390 134 175 3
1391 100 45 2
1392 72 3 5
1393 95 10 1
1394 12 145 2
1395 139 160 2
1396 140 57 3
1397 146 32 1
1398 35 51 5
1399 167 88 1
1400 162 85 5
1401 178 67 3
1402 128 171 2
1403 24 18 5
1404 178 49 2
1405 186 141 2
1406 10 34 4
1407 176 145 4
1408 2 179 4
1409 13 17 2
1410 89 136 3
1411 60 77 5
1412 130 99 1
1413 116 173 4
1414 169 186 4
1415 138 86 3
1416 50 148 4
1417 107 11 1
1418 14 69 3
1419 114 78 3
1420 142 53 2
1421 56 13 4
1422 47 74 1
1423 91 71 2
1424 66 173 2
1425 140 117 2
1426 7 47 5
1427 129 97 3
1428 112 29 5
1429 81 172 3
1430 15 30 1
1431 80 134 1
1432 46 76 1
1433 113 166 5
1434 37 47 5
1435 125 105 5
1436 70 54 5
1437 116 122 1
1438 52 81 4
1439 153 27 3
1440 111 39 5
1441 165 77 2
1442 95 128 1
1443 160 100 1
1444 15 20 5
1445 27 71 2
1446 176 103 4
1447 164 169 2
1448 121 35 2
1449 92 170 5
1450 181 129 1
1451 156 33 5
1452 66 69 3
1453 48 12 2
1454 69 120 1
1455 9 137 4
1456 87 179 5
1457 160 76 2
1458 118 119 3
1459 4 59 1
1460 0 69 2
1461 105 139 3
1462 140 185 4
1463 86 24 5
1464 56 150 4
1465 102 67 5
1466 94 15 1
1467 125 169 4
1468 107 10 2
1469 97 33 5
1470 72 36 5
1471 111 119 5
1472 118 165 2
1473 16 185 5
1474 164 25 5
1475 134 132 3
1476 146 55 2
1477 4 111 3
1478 60 59 5
1479 173 158 4
1480 181 91 1
1481 150 180 2
1482 45 166 4
1483 121 23 4
1484 101 44 4
1485 114 20 4
1486 10 183 1
1487 35 50 3
1488 36 50 1
1489 5 167 2
1490 21 124 4
1491 20 17 5
1492 56 171 2
1493 169 16 2
1494 59 48 3
1495 158 148 3
1496 15 129 5
1497 35 96 4
1498 67 79 5
1499 48 77 5
1500 157 82 5
1501 1 70 1
1502 104 47 3
1503 100 145 2
1504 109 30 1
1505 19 140 5
1506 20 61 1
1507 90 140 2
1508 133 17 3
1509 35 163 1
1510 44 51 5
1511 152 26 4
1512 91 97 2
1513 31 179 2
1514 114 181 5
1515 107 67 1
1516 169 122 2
1517 85 155 3
1518 143 67 3
1519 8 163 2
1520 11 176 2
1521 175 117 5
1522 40 122 2
1523 3 136 1
1524 21 33 4
1525 128 185 4
1526 87 2 1
1527 119 72 4
1528 39 143 4
1529 74 128 3
1530 77 183 2
1531 179 1 2
1532 117 44 5
1533 61 114 4
1534 152 33 2
1535 184 145 3
1536 108 173 2
1537 76 165 2
1538 149 165 4
1539 140 69 3
1540 127 53 4
1541 95 130 5
1542 63 151 2
1543 34 44 1
1544 151 135 1
1545 140 1 2
1546 21 170 3
1547 39 17 3
1548 77 19 4
1549 104 132 1
1550 93 148 5
1551 2 140 1
1552 155 19 4
1553 175 186 3
1554 139 109 1
1555 3 141 4
1556 139 49 2
1557 68 171 4
1558 142 119 3
1559 79 47 4
1560 169 103 3
1561 117 153 5
1562 92 173 5
1563 135 47 4
1564 181 81 1
1565 34 9 2
1566 124 172 4
1567 153 143 4
1568 63 98 3
1569 72 49 2
1570 169 178 3
1571 41 136 2
1572 82 90 2
1573 109 44 5
1574 54 148 1
1575 12 173 2
1576 140 78 4
1577 105 169 1
1578 71 152 3
1579 18 28 3
1580 73 147 1
1581 98 88 4
1582 114 178 2
1583 46 155 5
1584 92 35 5
1585 29 154 3
1586 78 184 3
1587 151 143 5
1588 173 176 2
1589 172 47 5
1590 142 35 4
1591 60 117 4
1592 174 115 3
1593 149 33 5
1594 170 165 4
1595 120 62 3
1596 101 171 5
1597 43 73 2
1598 138 79 5
1599 69 151 3
1600 134 3 5
1601 20 182 1
1602 139 30 3
1603 97 124 3
1604 71 20 5
1605 52 4 3
1606 133 167 1
1607 45 1 1
1608 17 127 3
1609 182 112 1
1610 68 68 2
1611 75 112 2
1612 96 159 2
1613 18 180 2
1614 68 6 1
1615 100 38 5
1616 142 22 4
1617 177 65 4
1618 138 126 1
1619 73 115 5
1620 73 168 4
1621 51 28 2
1622 70 27 2
1623 118 28 4
1624 46 79 5
1625 25 48 2
1626 108 185 4
1627 29 138 2
1628 168 154 4
1629 55 91 3
1630 164 118 2
1631 12 135 2
1632 13 146 4
1633 51 86 5
1634 174 184 3
1635 73 124 4
1636 13 13 4
1637 182 59 2
1638 137 90 3
1639 68 32 4
1640 8 59 4
1641 11 83 4
1642 148 5 2
1643 29 148 1
1644 95 86 3
1645 26 135 3
1646 49 6 2
1647 97 48 1
1648 122 22 1
1649 143 14 2
1650 72 41 3
1651 105 135 4
1652 45 115 4
1653 164 123 4
1654 65 105 3
1655 15 19 2
1656 147 179 4
1657 117 116 5
1658 50 145 1
1659 61 134 4
1660 54 163 4
1661 177 161 2
1662 106 81 4
1663 69 96 1
1664 17 33 5
1665 52 42 2
1666 65 29 5
1667 2 134 2
1668 128 161 1
1669 177 131 5
1670 97 165 5
1671 77 95 3
1672 121 98 3
1673 64 44 5
1674 4 33 3
1675 136 150 2
1676 129 127 3
1677 136 120 5
1678 56 123 2
1679 137 118 4
1680 16 92 1
1681 123 58 3
1682 54 43 5
1683 57 22 3
1684 167 114 2
1685 27 9 1
1686 17 27 5
1687 180 176 1
1688 164 11 2
1689 70 136 5
1690 181 179 2
1691 30 84 1
1692 138 176 1
1693 176 99 1
1694 13 167 4
1695 116 49 2
1696 134 183 5
1697 57 173 2
1698 4 60 4
1699 170 178 1
1700 72 181 2
1701 118 63 5
1702 103 20 4
1703 174 138 1
1704 95 53 2
1705 50 84 2
1706 37 60 5
1707 170 141 1
1708 122 178 1
1709 172 123 5
1710 83 180 2
1711 142 96 5
1712 3 31 4
1713 50 128 3
1714 79 159 4
1715 116 177 4
1716 81 9 2
1717 176 174 1
1718 142 168 2
1719 54 81 2
1720 46 135 1
1721 30 88 1
1722 23 87 3
1723 167 67 3
1724 31 6 3
1725 87 31 3
1726 33 110 1
1727 151 156 4
1728 33 105 1
1729 114 7 5
1730 96 171 2
1731 147 92 5
1732 142 149 1
1733 7 125 2
1734 167 45 2
1735 151 9 2
1736 28 30 5
1737 111 178 1
1738 60 177 3
1739 105 103 4
1740 77 77 1
1741 139 75 3
1742 123 41 5
1743 43 35 1
1744 43 129 1
1745 113 20 4
1746 113 56 1
1747 156 17 5
1748 14 179 5
1749 175 33 5
1750 53 0 1
1751 10 50 3
1752 174 72 4
1753 170 28 1
1754 149 130 1
1755 73 82 4
1756 30 112 4
1757 55 176 4
1758 175 2 3
1759 130 49 2
1760 46 39 2
1761 45 54 3
1762 113 77 1
1763 163 176 3
1764 87 49 3
1765 96 93 2
1766 109 65 5
1767 183 146 4
1768 24 43 3
1769 48 95 4
1770 131 11 3
1771 76 36 3
1772 56 142 5
1773 146 185 2
1774 147 40 3
1775 36 80 3
1776 117 119 3
1777 59 107 3
1778 114 90 5
1779 17 120 3
1780 61 22 4
1781 84 98 3
1782 17 122 2
1783 109 138 3
1784 159 124 5
1785 158 57 5
1786 99 32 4
1787 142 82 2
1788 47 155 3
1789 40 129 2
1790 1 27 4
1791 156 11 5
1792 162 102 3
1793 58 56 5
1794 37 43 4
1795 168 132 3
1796 82 144 3
1797 40 7 4
1798 160 54 2
1799 76 100 1
1800 168 38 1
1801 161 41 2
1802 160 109 4
1803 93 67 1
1804 86 115 3
1805 119 63 3
1806 122 156 2
1807 97 142 3
1808 15 163 3
1809 177 24 4
1810 49 2 5
1811 102 143 5
1812 31 54 5
1813 176 26 1
1814 65 175 2
1815 33 167 4
1816 58 11 5
1817 55 0 1
1818 54 75 2
1819 47 144 1
1820 91 105 3
1821 175 173 5
1822 97 141 4
1823 75 108 3
1824 67 34 2
1825 186 11 1
1826 171 83 3
1827 123 1 3
1828 181 133 5
1829 157 112 4
1830 109 41 4
1831 109 33 1
1832 175 178 5
1833 106 68 2
1834 18 143 4
1835 86 172 2
1836 32 150 3
1837 47 114 1
1838 150 156 2
1839 34 134 3
1840 55 17 3
1841 178 131 5
1842 110 63 5
1843 151 185 3
1844 138 141 4
1845 172 89 2
1846 95 3 4
1847 147 122 5
1848 60 2 3
1849 177 17 5
1850 133 131 1
1851 77 36 3
1852 78 7 1
1853 162 174 3
1854 125 145 1
1855 128 70 2
1856 141 95 1
1857 2 85 4
1858 15 11 4
1859 143 177 4
1860 162 152 3
1861 89 152 1
1862 14 81 1
1863 121 148 3
1864 13 132 4
1865 64 114 2
1866 174 182 3
1867 21 68 4
1868 84 158 4
1869 178 83 1
1870 43 145 4
1871 25 179 3
1872 83 156 1
1873 161 98 3
1874 41 9 2
1875 77 153 5
1876 27 14 5
1877 186 139 5
1878 150 64 1
1879 62 152 4
1880 41 6 4
1881 100 3 4
1882 11 129 5
1883 128 55 3
1884 45 96 1
1885 184 98 2
1886 101 17 5
1887 67 111 5
1888 101 19 1
1889 116 27 5
1890 100 91 1
1891 43 155 5
1892 104 129 2
1893 129 1 4
1894 131 82 1
1895 102 133 1
1896 184 13 1
1897 149 31 3
1898 143 75 2
1899 33 35 1
1900 123 112 3
1901 11 93 3
1902 38 170 1
1903 33 34 2
1904 104 112 3
1905 61 168 5
1906 149 19 1
1907 64 110 4
1908 64 9 4
1909 10 60 4
1910 165 19 3
1911 123 19 5
1912 98 5 1
1913 131 115 2
1914 44 27 4
1915 66 38 4
1916 165 105 4
1917 145 96 2
1918 4 47 3
1919 54 119 3
1920 180 142 2
1921 37 28 3
1922 130 25 3
1923 122 99 3
1924 133 141 3
1925 113 29 2
1926 36 166 1
1927 69 29 2
1928 53 2 4
1929 139 39 4
1930 19 75 4
1931 127 136 3
1932 181 86 3
1933 52 21 2
1934 67 106 2
1935 153 174 2
1936 93 87 5
1937 60 89 3
1938 37 137 5
1939 79 39 2
1940 47 153 2
1941 7 166 1
1942 128 123 3
1943 69 20 1
1944 168 22 2
1945 118 56 4
1946 53 165 1
1947 55 37 2
1948 128 108 1
1949 46 98 4
1950 20 22 5
1951 9 14 1
1952 163 23 3
1953 23 53 1
1954 118 126 1
1955 77 100 5
1956 160 153 5
1957 179 156 4
1958 46 42 1
1959 136 12 2
1960 184 18 1
1961 89 42 5
1962 26 8 2
1963 122 139 3
1964 169 47 2
1965 38 165 5
1966 131 150 3
1967 44 6 5
1968 2 90 1
1969 179 167 3
1970 113 69 5
1971 151 124 1
1972 140 123 3
1973 39 7 3
1974 128 110 4
1975 73 9 4
1976 71 60 3
1977 71 121 2
1978 85 105 1
1979 42 28 2
1980 168 91 4
1981 150 11 2
1982 117 111 1
1983 159 48 5
1984 27 84 2
1985 173 100 4
1986 173 181 2
1987 143 148 1
1988 125 56 5
1989 114 121 1
1990 13 180 3
1991 26 119 3
1992 18 149 2
1993 50 144 4
1994 185 49 2
1995 29 9 2
1996 182 148 1
1997 85 51 3
1998 23 61 3
1999 13 64 4
2000 167 176 1
2001 147 51 2
2002 88 35 3
2003 68 148 2
2004 143 156 4
2005 69 23 4
2006 171 5 5
2007 54 127 3
2008 70 145 3
2009 3 11 5
2010 84 36 5
2011 99 65 1
2012 176 34 1
2013 20 33 3
2014 81 102 1
2015 119 97 2
2016 68 132 2
2017 47 99 4
2018 48 150 2
2019 55 149 1
2020 23 0 5
2021 169 152 4
2022 39 8 5
2023 146 38 4
2024 186 77 4
2025 105 82 3
2026 0 62 1
2027 41 118 1
2028 180 92 2
2029 102 79 4
2030 183 87 5
2031 186 83 3
2032 45 62 4
2033 88 105 1
2034 179 138 3
2035 182 91 1
2036 102 125 3
2037 167 35 5
2038 7 159 2
2039 83 89 1
2040 135 71 1
2041 65 159 5
2042 74 4 3
2043 80 65 4
2044 21 81 1
2045 5 69 4
2046 116 60 4
2047 79 186 3
2048 80 119 4
2049 111 6 5
2050 29 134 1
2051 75 16 5
2052 126 145 4
2053 31 121 3
2054 63 77 3
2055 25 135 3
2056 78 86 5
2057 91 129 5
2058 44 137 3
2059 186 112 5
2060 6 176 1
2061 145 52 2
2062 159 138 3
2063 148 139 3
2064 158 60 1
2065 56 44 2
2066 24 9 5
2067 22 152 2
2068 171 58 2
2069 180 4 3
2070 20 75 5
2071 79 130 1
2072 154 162 1
2073 162 71 1
2074 140 79 1
2075 71 146 5
2076 96 150 3
2077 176 115 4
2078 2 158 1
2079 146 122 3
2080 161 7 4
2081 83 152 5
2082 129 82 4
2083 177 52 2
2084 149 178 5
2085 85 28 5
2086 96 55 4
2087 148 4 2
2088 44 113 4
2089 99 115 5
2090 107 51 2
2091 147 171 4
2092 129 175 4
2093 0 170 4
2094 54 115 5
2095 48 28 3
2096 158 71 1
2097 51 12 5
2098 55 115 1
2099 184 170 4
2100 163 136 5
2101 108 138 3
2102 73 134 5
2103 123 4 5
2104 157 151 1
2105 43 86 3
2106 62 37 2
2107 178 186 3
2108 39 55 1
2109 126 52 5
2110 114 77 3
2111 182 57 4
2112 109 171 2
2113 2 167 4
2114 126 8 3
2115 135 20 2
2116 67 53 5
2117 75 149 3
2118 147 91 5
2119 97 77 1
2120 100 165 4
2121 86 35 1
2122 154 88 1
2123 165 12 3
2124 120 76 3
2125 175 176 1
2126 114 107 4
2127 155 172 1
2128 114 53 5
2129 6 3 2
2130 122 142 2
2131 85 46 3
2132 84 90 5
2133 36 154 3
0 177 49
1 172 118
2 73 90
3 184 112
4 48 112
5 147 176
6 43 145
7 31 126
8 139 23
9 99 26
10 74 129
11 116 26
