179 2540 56
0 2
1 2
2 1
3 5
4 4
5 2
6 1
7 2
8 1
9 1
10 4
11 2
12 5
13 3
14 2
15 2
16 1
17 1
18 1
19 4
20 2
21 4
22 1
23 5
24 1
25 4
26 3
27 4
28 3
29 2
30 4
31 4
32 5
33 1
34 1
35 1
36 1
37 2
38 2
39 2
40 3
41 5
42 4
43 2
44 5
45 1
46 1
47 4
48 1
49 1
50 5
51 3
52 5
53 4
54 3
55 2
56 2
57 5
58 4
59 4
60 1
61 1
62 4
63 1
64 4
65 2
66 3
67 2
68 4
69 5
70 2
71 4
72 4
73 3
74 1
75 2
76 4
77 2
78 1
79 1
80 4
81 4
82 5
83 1
84 4
85 1
86 1
87 3
88 4
89 4
90 4
91 3
92 3
93 3
94 4
95 1
96 5
97 1
98 1
99 4
100 4
101 4
102 2
103 3
104 5
105 3
106 2
107 5
108 3
109 1
110 4
111 1
112 1
113 1
114 1
115 2
116 3
117 1
118 1
119 4
120 3
121 1
122 1
123 3
124 3
125 5
126 2
127 5
128 2
129 1
130 3
131 2
132 1
133 3
134 2
135 3
136 2
137 1
138 5
139 3
140 2
141 4
142 1
143 1
144 1
145 1
146 4
147 4
148 1
149 1
150 2
151 3
152 5
153 3
154 3
155 1
156 5
157 3
158 5
159 2
160 5
161 1
162 1
163 1
164 1
165 4
166 5
167 2
168 4
169 4
170 5
171 5
172 2
173 1
174 5
175 1
176 5
177 5
178 5
0 140 158 4
1 22 12 1
2 119 78 2
3 144 164 3
4 144 118 2
5 163 70 4
6 25 175 2
7 122 160 5
8 161 69 2
9 138 166 4
10 131 158 2
11 81 173 3
12 178 167 1
13 28 14 3
14 30 97 4
15 81 137 5
16 160 95 2
17 69 140 1
18 42 50 2
19 165 37 3
20 164 51 3
21 166 76 1
22 18 68 3
23 39 148 5
24 167 102 2
25 164 99 3
26 88 119 1
27 90 94 3
28 19 92 5
29 149 126 3
30 161 84 2
31 25 77 1
32 21 130 4
33 81 150 4
34 115 75 1
35 113 91 2
36 139 50 1
37 12 34 4
38 32 164 2
39 59 113 2
40 112 133 5
41 56 65 5
42 69 94 5
43 142 168 5
44 27 122 2
45 55 139 3
46 27 33 2
47 55 72 5
48 5 88 2
49 80 147 2
50 111 149 3
51 120 95 3
52 44 28 4
53 55 11 3
54 157 5 5
55 156 51 1
56 62 48 1
57 145 165 5
58 152 34 5
59 11 72 4
60 12 74 2
61 137 74 2
62 147 24 2
63 80 171 5
64 152 98 2
65 135 61 4
66 170 141 5
67 154 102 1
68 22 102 4
69 28 117 1
70 173 77 1
71 46 82 3
72 98 100 3
73 18 87 3
74 153 98 3
75 45 71 1
76 8 113 3
77 153 70 3
78 11 41 4
79 57 159 4
80 145 147 4
81 113 140 3
82 4 103 1
83 140 50 2
84 135 126 5
85 27 34 3
86 0 169 5
87 43 120 2
88 121 74 3
89 60 127 1
90 130 100 5
91 90 116 1
92 166 24 4
93 126 168 1
94 41 32 5
95 124 19 4
96 142 87 3
97 84 61 1
98 136 6 5
99 144 104 5
100 98 19 3
101 146 175 1
102 61 58 3
103 128 77 5
104 156 172 4
105 34 104 3
106 53 53 4
107 31 144 4
108 175 113 3
109 114 161 3
110 177 136 5
111 145 3 3
112 53 152 5
113 93 175 1
114 120 87 3
115 13 26 5
116 21 124 2
117 176 145 3
118 84 105 3
119 131 55 1
120 15 95 1
121 122 14 3
122 152 105 1
123 44 51 1
124 138 116 5
125 105 11 4
126 173 61 5
127 79 106 3
128 36 47 4
129 174 70 3
130 129 128 4
131 148 61 4
132 165 96 4
133 50 99 3
134 76 82 3
135 34 99 3
136 93 113 3
137 142 155 3
138 34 133 1
139 112 104 3
140 125 11 5
141 5 7 2
142 54 174 3
143 63 114 4
144 15 7 4
145 11 158 5
146 94 33 4
147 62 129 1
148 177 4 1
149 60 172 5
150 80 53 2
151 56 117 2
152 157 25 1
153 43 93 1
154 154 63 5
155 39 167 2
156 10 69 5
157 128 109 3
158 112 128 5
159 114 176 4
160 73 104 3
161 63 137 5
162 22 99 3
163 175 169 4
164 10 143 5
165 44 94 5
166 127 30 5
167 170 98 5
168 158 36 4
169 46 7 2
170 94 20 1
171 91 142 4
172 87 105 2
173 53 151 2
174 90 108 3
175 87 90 4
176 129 0 5
177 71 61 4
178 123 79 5
179 112 62 2
180 12 158 4
181 131 141 1
182 34 169 5
183 31 16 2
184 56 136 3
185 8 72 2
186 174 28 1
187 173 170 4
188 29 3 4
189 122 76 1
190 8 140 4
191 97 46 2
192 53 59 4
193 61 172 4
194 178 132 1
195 59 145 1
196 86 39 3
197 3 119 1
198 9 171 5
199 50 142 3
200 28 178 1
201 67 168 1
202 7 141 2
203 142 41 1
204 113 155 1
205 156 4 5
206 164 16 4
207 177 163 5
208 115 14 2
209 10 96 5
210 121 16 1
211 37 101 2
212 46 86 4
213 100 22 5
214 35 165 1
215 114 31 5
216 149 60 1
217 137 56 3
218 41 154 3
219 10 26 3
220 21 138 2
221 57 94 2
222 153 109 2
223 60 1 4
224 64 177 3
225 51 29 1
226 96 23 3
227 42 51 1
228 122 129 2
229 86 32 2
230 69 119 2
231 80 70 3
232 139 149 5
233 174 91 4
234 3 60 2
235 146 19 5
236 94 75 4
237 130 29 3
238 19 34 4
239 93 10 3
240 162 15 4
241 113 156 2
242 67 42 3
243 14 138 5
244 137 125 2
245 36 86 5
246 167 148 1
247 132 24 2
248 175 18 5
249 177 157 2
250 113 63 2
251 22 79 4
252 114 167 2
253 109 107 2
254 57 133 2
255 33 93 2
256 100 97 4
257 73 148 2
258 33 68 5
259 92 55 5
260 99 125 5
261 164 49 3
262 166 119 1
263 151 45 2
264 112 176 3
265 97 69 1
266 50 78 5
267 51 12 4
268 3 99 1
269 45 157 4
270 172 55 4
271 11 100 4
272 124 4 5
273 48 79 1
274 133 158 4
275 24 10 5
276 10 171 4
277 99 105 2
278 34 1 5
279 83 32 4
280 109 46 2
281 27 17 4
282 170 120 4
283 86 51 2
284 107 153 2
285 52 28 4
286 148 108 4
287 36 100 2
288 54 160 2
289 115 55 1
290 134 58 5
291 101 104 5
292 95 126 1
293 173 46 5
294 43 41 5
295 106 135 1
296 28 72 3
297 37 48 5
298 135 29 3
299 22 14 5
300 113 105 2
301 168 13 4
302 23 114 1
303 124 145 3
304 34 60 3
305 46 165 4
306 57 144 3
307 165 87 1
308 103 89 5
309 5 65 4
310 36 23 3
311 29 152 5
312 104 10 2
313 21 92 4
314 175 90 3
315 159 100 4
316 172 67 3
317 142 132 1
318 76 17 3
319 95 80 2
320 16 120 3
321 169 149 4
322 92 12 3
323 84 88 3
324 55 95 1
325 79 90 2
326 33 92 4
327 94 163 5
328 116 172 5
329 81 66 2
330 87 145 5
331 93 36 5
332 111 64 3
333 46 54 3
334 114 27 3
335 158 50 4
336 159 124 4
337 87 13 1
338 82 62 3
339 137 95 2
340 53 157 4
341 91 148 5
342 95 161 1
343 81 131 5
344 134 122 3
345 66 48 2
346 133 2 4
347 147 91 2
348 139 116 2
349 6 135 5
350 98 26 2
351 8 124 1
352 11 76 4
353 176 59 2
354 49 14 4
355 140 136 4
356 110 86 2
357 99 152 3
358 162 82 2
359 15 69 2
360 9 148 4
361 128 58 4
362 99 76 2
363 111 7 1
364 129 79 3
365 115 72 4
366 128 68 4
367 40 151 2
368 91 10 1
369 121 140 5
370 116 11 5
371 77 82 2
372 70 58 2
373 48 64 4
374 112 121 2
375 144 52 3
376 124 18 2
377 128 69 2
378 163 52 2
379 15 80 3
380 33 177 4
381 170 83 4
382 4 70 5
383 76 33 1
384 12 8 2
385 162 145 4
386 77 141 2
387 36 30 1
388 51 30 3
389 53 111 1
390 118 92 4
391 73 162 5
392 60 122 3
393 164 155 4
394 145 42 2
395 39 14 2
396 45 123 2
397 79 35 2
398 26 118 4
399 100 129 5
400 64 75 1
401 127 71 4
402 147 21 5
403 133 70 3
404 86 148 5
405 54 70 4
406 77 61 2
407 1 62 3
408 130 144 2
409 26 137 1
410 6 44 3
411 71 20 2
412 47 35 4
413 107 48 2
414 109 156 5
415 110 133 5
416 28 155 3
417 10 122 3
418 78 58 5
419 73 48 1
420 93 21 4
421 158 154 2
422 61 9 3
423 140 140 5
424 52 160 4
425 92 78 2
426 77 148 1
427 159 142 5
428 74 176 2
429 172 68 5
430 112 24 1
431 7 40 5
432 122 35 1
433 162 75 1
434 129 40 1
435 164 111 2
436 100 47 4
437 135 171 1
438 174 8 4
439 47 170 2
440 60 15 3
441 50 128 4
442 67 84 2
443 124 75 2
444 34 76 3
445 156 76 5
446 51 78 4
447 55 51 1
448 127 107 3
449 44 154 4
450 35 59 4
451 134 27 1
452 149 151 1
453 33 143 1
454 13 61 3
455 98 47 4
456 167 54 1
457 39 64 5
458 123 96 1
459 163 69 5
460 57 129 3
461 89 87 3
462 151 70 2
463 19 70 2
464 73 155 3
465 150 60 5
466 88 146 3
467 104 92 2
468 10 33 5
469 22 178 4
470 144 69 1
471 83 129 3
472 129 137 2
473 94 82 5
474 117 117 5
475 138 86 5
476 79 116 1
477 69 50 3
478 164 95 4
479 17 97 5
480 174 34 4
481 25 24 1
482 0 28 4
483 83 153 5
484 159 165 3
485 26 42 2
486 152 25 5
487 137 33 2
488 45 177 5
489 102 105 2
490 132 43 3
491 15 1 4
492 82 101 5
493 162 77 1
494 99 162 1
495 38 62 3
496 174 152 4
497 42 90 1
498 157 55 4
499 41 143 3
500 172 88 4
501 140 21 3
502 100 145 5
503 98 150 5
504 80 4 4
505 87 124 1
506 31 130 1
507 26 44 2
508 153 165 3
509 69 98 5
510 143 138 1
511 98 169 2
512 48 49 4
513 36 22 4
514 120 128 3
515 78 169 4
516 151 0 2
517 155 72 4
518 10 63 5
519 54 88 3
520 109 110 4
521 25 30 4
522 127 38 4
523 149 25 4
524 160 139 4
525 149 59 2
526 91 49 3
527 149 161 2
528 18 56 5
529 2 138 2
530 83 128 2
531 16 91 2
532 34 155 1
533 107 107 1
534 178 45 2
535 148 45 1
536 125 175 1
537 128 55 4
538 165 101 1
539 138 15 2
540 64 65 1
541 73 111 2
542 76 154 2
543 14 145 5
544 64 63 4
545 29 38 3
546 148 122 3
547 133 46 3
548 106 46 4
549 103 71 5
550 89 19 3
551 63 125 3
552 129 10 1
553 159 178 4
554 175 58 5
555 42 157 4
556 36 177 4
557 148 144 5
558 156 99 5
559 162 172 2
560 85 67 5
561 33 32 4
562 60 102 4
563 106 80 2
564 29 142 4
565 85 33 2
566 2 16 2
567 133 154 1
568 17 120 4
569 61 34 2
570 0 131 5
571 20 112 4
572 121 75 2
573 154 140 2
574 100 32 4
575 172 9 2
576 112 109 3
577 124 112 4
578 18 52 3
579 85 12 2
580 5 170 3
581 133 62 3
582 44 134 1
583 113 142 4
584 64 117 2
585 32 11 5
586 91 52 2
587 86 61 5
588 38 100 3
589 87 0 1
590 60 32 2
591 54 79 5
592 109 43 3
593 147 113 2
594 173 13 3
595 100 174 2
596 118 70 3
597 71 157 2
598 96 156 3
599 166 113 4
600 136 0 2
601 98 147 5
602 176 18 2
603 170 174 5
604 76 94 1
605 54 34 3
606 122 164 5
607 177 98 1
608 135 4 1
609 127 136 1
610 151 157 2
611 38 33 4
612 36 9 1
613 137 49 1
614 176 6 5
615 69 150 4
616 7 113 2
617 38 133 5
618 62 73 1
619 85 116 2
620 156 176 2
621 107 64 4
622 161 108 2
623 143 89 4
624 136 117 3
625 159 137 4
626 119 151 2
627 163 76 3
628 158 142 1
629 109 92 2
630 13 13 1
631 147 49 3
632 0 69 3
633 96 161 4
634 133 139 4
635 50 87 1
636 107 142 4
637 16 154 2
638 120 140 2
639 59 61 2
640 143 173 4
641 19 22 2
642 124 146 2
643 33 165 5
644 76 162 1
645 120 70 1
646 178 8 2
647 79 19 4
648 36 63 1
649 21 166 3
650 102 69 2
651 88 116 1
652 83 16 4
653 27 155 5
654 74 32 2
655 127 52 2
656 32 142 1
657 168 10 3
658 23 25 4
659 42 54 2
660 38 19 1
661 177 140 2
662 148 129 4
663 7 163 4
664 33 97 3
665 38 122 2
666 87 121 3
667 176 136 2
668 131 178 2
669 8 30 1
670 149 77 1
671 78 12 1
672 161 153 4
673 10 90 4
674 63 88 4
675 129 74 2
676 167 36 3
677 57 49 2
678 174 45 3
679 5 93 1
680 111 131 5
681 151 10 3
682 120 108 3
683 140 62 4
684 119 99 3
685 81 176 2
686 37 0 2
687 81 165 5
688 45 109 1
689 4 48 4
690 77 28 3
691 76 117 3
692 72 178 1
693 137 39 4
694 75 170 5
695 79 24 2
696 106 101 3
697 76 144 3
698 41 127 2
699 55 132 4
700 130 148 1
701 116 37 1
702 31 129 5
703 117 123 3
704 100 80 1
705 63 155 5
706 118 83 5
707 116 35 2
708 105 149 4
709 53 97 3
710 11 143 4
711 173 48 3
712 30 52 1
713 10 38 1
714 17 63 4
715 80 89 4
716 39 40 3
717 47 73 1
718 103 22 5
719 22 71 4
720 107 129 5
721 55 109 4
722 56 106 4
723 116 107 1
724 18 59 4
725 177 68 2
726 112 13 4
727 98 70 4
728 154 78 4
729 24 32 2
730 126 60 3
731 1 98 2
732 135 160 4
733 178 154 4
734 30 1 5
735 69 170 3
736 76 111 3
737 146 24 2
738 153 77 4
739 13 93 4
740 3 30 4
741 141 173 1
742 114 34 3
743 92 49 2
744 127 70 4
745 78 101 5
746 126 30 4
747 104 140 1
748 166 14 5
749 55 71 3
750 75 154 3
751 93 126 1
752 37 134 2
753 36 156 1
754 89 46 3
755 97 88 2
756 135 11 3
757 117 106 1
758 174 105 3
759 86 107 1
760 67 151 4
761 136 141 4
762 72 116 5
763 76 129 3
764 115 134 1
765 60 106 1
766 41 64 3
767 9 54 1
768 83 168 4
769 48 156 1
770 35 89 2
771 119 173 3
772 18 39 1
773 90 138 1
774 35 94 2
775 147 146 2
776 85 154 2
777 111 69 1
778 99 6 1
779 60 170 1
780 91 92 4
781 26 59 2
782 175 41 1
783 58 47 4
784 169 23 2
785 6 98 2
786 26 161 4
787 159 109 4
788 107 73 4
789 134 89 3
790 87 107 1
791 147 103 2
792 50 126 3
793 70 5 5
794 163 6 3
795 139 159 3
796 140 36 4
797 40 165 3
798 24 158 4
799 134 48 1
800 154 125 4
801 40 149 2
802 31 6 4
803 19 93 5
804 141 71 1
805 160 24 2
806 62 3 5
807 173 4 2
808 47 116 4
809 99 98 5
810 102 159 3
811 147 63 3
812 29 141 4
813 127 127 3
814 164 135 2
815 8 76 3
816 18 2 4
817 67 166 5
818 97 113 2
819 163 73 1
820 104 126 1
821 125 138 3
822 148 92 4
823 94 54 1
824 152 64 3
825 63 82 3
826 34 105 5
827 118 60 1
828 161 139 3
829 150 92 1
830 172 169 2
831 53 35 4
832 146 144 1
833 164 23 4
834 57 34 3
835 166 169 1
836 72 91 3
837 1 94 4
838 50 150 4
839 75 68 4
840 57 33 5
841 174 77 3
842 1 148 1
843 169 155 2
844 133 95 4
845 158 159 3
846 171 121 5
847 122 101 4
848 90 172 2
849 77 177 5
850 88 85 5
851 19 37 5
852 113 100 3
853 124 34 4
854 161 52 5
855 156 142 3
856 152 13 1
857 16 158 2
858 132 79 2
859 33 9 2
860 95 111 3
861 165 24 2
862 25 58 1
863 121 159 2
864 129 52 2
865 51 47 4
866 164 136 3
867 105 145 1
868 57 124 3
869 50 77 2
870 150 174 3
871 154 156 5
872 0 166 4
873 29 98 4
874 164 27 5
875 9 165 3
876 30 68 3
877 105 25 2
878 175 52 1
879 87 97 5
880 124 155 5
881 19 33 5
882 150 1 5
883 121 167 1
884 92 80 4
885 157 0 3
886 118 4 4
887 19 82 5
888 50 51 1
889 47 65 3
890 27 53 1
891 104 125 5
892 82 129 1
893 117 58 3
894 64 37 4
895 114 107 2
896 18 120 5
897 0 146 1
898 144 37 3
899 22 15 2
900 77 86 4
901 5 66 1
902 28 41 3
903 71 10 5
904 149 9 4
905 153 42 4
906 4 9 4
907 2 50 3
908 32 108 1
909 58 131 3
910 170 63 3
911 54 153 4
912 102 32 5
913 160 153 1
914 24 143 2
915 99 75 5
916 26 51 1
917 144 176 3
918 31 119 2
919 102 12 4
920 172 74 5
921 82 147 2
922 16 52 3
923 165 36 2
924 94 31 2
925 141 93 4
926 67 156 3
927 120 125 5
928 113 162 5
929 130 154 5
930 12 106 2
931 103 40 1
932 30 103 3
933 44 166 4
934 78 122 2
935 10 125 5
936 9 92 3
937 121 72 5
938 125 110 1
939 114 124 3
940 83 177 3
941 134 21 1
942 20 23 5
943 23 97 2
944 148 168 3
945 31 166 5
946 55 45 4
947 57 136 1
948 68 134 3
949 17 178 2
950 155 168 2
951 92 73 5
952 99 167 5
953 13 160 5
954 48 81 5
955 146 146 5
956 144 158 4
957 45 104 2
958 132 95 4
959 94 8 1
960 11 177 4
961 87 101 2
962 68 147 3
963 14 173 2
964 91 155 1
965 25 114 3
966 170 91 2
967 21 173 5
968 152 20 3
969 53 26 1
970 145 36 5
971 30 128 4
972 33 25 2
973 116 98 5
974 48 165 2
975 121 144 3
976 37 136 3
977 120 74 2
978 13 89 3
979 169 178 4
980 127 96 4
981 136 173 3
982 103 109 4
983 61 153 5
984 156 63 1
985 3 176 5
986 72 18 3
987 141 125 2
988 64 33 4
989 174 63 2
990 171 42 4
991 37 132 4
992 59 25 5
993 23 91 2
994 38 0 2
995 125 143 5
996 166 54 2
997 74 164 4
998 14 164 2
999 178 19 3
1000 52 25 3
1001 165 2 1
1002 62 141 3
1003 69 60 1
1004 44 110 4
1005 26 41 5
1006 118 74 4
1007 154 117 2
1008 33 5 5
1009 141 109 5
1010 131 98 5
1011 137 119 5
1012 173 73 2
1013 9 70 3
1014 43 170 2
1015 112 148 1
1016 13 121 1
1017 126 94 4
1018 105 144 5
1019 69 38 1
1020 132 121 4
1021 119 15 1
1022 163 62 4
1023 119 162 3
1024 155 109 4
1025 25 39 4
1026 167 40 2
1027 21 57 1
1028 54 73 4
1029 36 25 5
1030 120 164 5
1031 98 166 4
1032 167 47 1
1033 127 153 2
1034 17 109 4
1035 153 176 1
1036 83 66 4
1037 74 69 3
1038 136 142 5
1039 169 95 2
1040 95 56 5
1041 57 164 3
1042 105 89 1
1043 37 14 3
1044 60 48 4
1045 75 106 3
1046 147 75 5
1047 111 15 2
1048 103 1 2
1049 152 164 5
1050 29 7 1
1051 143 158 2
1052 152 60 1
1053 111 153 4
1054 117 65 4
1055 150 75 1
1056 118 153 4
1057 118 176 3
1058 15 57 1
1059 67 17 3
1060 27 74 4
1061 34 132 3
1062 173 42 3
1063 22 157 1
1064 6 144 3
1065 67 41 3
1066 148 117 2
1067 1 172 3
1068 89 125 2
1069 134 63 1
1070 16 88 5
1071 14 43 1
1072 106 84 4
1073 44 84 4
1074 52 51 5
1075 136 170 3
1076 78 124 1
1077 11 22 5
1078 139 56 4
1079 51 61 4
1080 26 146 3
1081 47 9 2
1082 113 50 5
1083 37 166 4
1084 42 163 2
1085 86 119 4
1086 47 163 2
1087 160 90 4
1088 13 66 2
1089 27 153 1
1090 24 16 2
1091 147 67 1
1092 35 6 1
1093 19 152 4
1094 28 144 1
1095 150 62 3
1096 87 75 3
1097 64 136 2
1098 177 175 1
1099 0 30 3
1100 19 129 3
1101 85 52 5
1102 115 25 2
1103 63 31 3
1104 133 167 5
1105 24 65 4
1106 152 87 4
1107 65 154 3
1108 86 164 4
1109 52 93 3
1110 129 63 3
1111 150 104 5
1112 116 78 2
1113 19 76 2
1114 168 72 4
1115 136 39 5
1116 61 168 3
1117 18 128 3
1118 4 140 2
1119 166 147 3
1120 140 1 1
1121 50 101 1
1122 170 110 5
1123 10 106 3
1124 18 162 1
1125 83 103 2
1126 10 88 3
1127 162 158 1
1128 69 68 4
1129 83 86 3
1130 29 86 1
1131 53 160 5
1132 82 31 1
1133 64 110 1
1134 153 170 5
1135 99 110 5
1136 4 56 3
1137 62 53 5
1138 10 74 1
1139 23 142 1
1140 16 178 2
1141 58 91 2
1142 13 78 4
1143 36 153 2
1144 116 65 5
1145 139 21 3
1146 2 145 1
1147 67 131 2
1148 152 62 5
1149 52 140 1
1150 82 156 1
1151 148 98 3
1152 67 69 2
1153 23 82 5
1154 73 20 2
1155 67 113 5
1156 24 100 2
1157 51 146 1
1158 80 109 5
1159 170 119 3
1160 65 0 1
1161 69 99 2
1162 178 140 2
1163 89 71 1
1164 143 136 2
1165 161 82 2
1166 87 169 1
1167 35 141 2
1168 113 22 3
1169 134 66 2
1170 60 10 2
1171 148 132 3
1172 159 120 4
1173 167 34 2
1174 89 176 4
1175 175 152 3
1176 89 31 3
1177 168 161 3
1178 79 174 3
1179 113 171 2
1180 70 147 4
1181 154 15 5
1182 155 138 1
1183 48 3 2
1184 41 84 1
1185 90 128 1
1186 158 92 2
1187 87 110 4
1188 160 151 4
1189 3 131 1
1190 115 38 5
1191 32 140 5
1192 47 143 4
1193 177 13 2
1194 48 152 2
1195 2 175 4
1196 48 0 1
1197 52 119 5
1198 10 95 2
1199 102 99 2
1200 78 131 3
1201 30 63 1
1202 84 141 4
1203 70 159 1
1204 131 20 1
1205 151 65 3
1206 73 32 2
1207 160 117 3
1208 22 48 5
1209 112 164 3
1210 142 94 5
1211 102 30 1
1212 97 134 5
1213 122 149 5
1214 74 142 4
1215 156 107 1
1216 165 123 2
1217 46 128 5
1218 55 7 3
1219 133 71 1
1220 94 25 3
1221 142 47 2
1222 47 13 1
1223 101 107 3
1224 47 31 2
1225 23 53 1
1226 120 31 1
1227 42 122 4
1228 145 45 5
1229 49 119 1
1230 139 6 4
1231 56 91 4
1232 17 101 1
1233 120 143 3
1234 32 84 5
1235 155 7 4
1236 128 59 2
1237 92 113 5
1238 94 49 3
1239 106 115 4
1240 18 30 1
1241 164 121 4
1242 102 45 1
1243 8 4 1
1244 94 127 4
1245 118 44 4
1246 66 107 2
1247 82 65 3
1248 20 59 3
1249 51 10 4
1250 73 112 1
1251 58 170 2
1252 90 159 2
1253 146 69 2
1254 171 70 4
1255 68 174 2
1256 68 52 2
1257 112 45 4
1258 115 170 2
1259 5 41 1
1260 119 6 2
1261 34 118 3
1262 122 64 1
1263 76 35 5
1264 123 37 4
1265 103 100 1
1266 73 133 4
1267 147 84 2
1268 88 17 5
1269 35 133 3
1270 26 19 4
1271 13 48 2
1272 141 19 3
1273 37 77 2
1274 106 81 4
1275 120 153 1
1276 77 17 5
1277 113 123 3
1278 10 5 5
1279 60 131 2
1280 29 29 2
1281 175 9 2
1282 1 126 4
1283 134 124 5
1284 122 168 3
1285 134 72 2
1286 17 84 4
1287 25 4 4
1288 174 9 5
1289 28 40 4
1290 21 54 2
1291 173 177 4
1292 91 109 3
1293 146 54 4
1294 49 95 2
1295 123 174 2
1296 50 26 1
1297 42 1 3
1298 164 108 1
1299 83 6 2
1300 147 14 3
1301 43 40 5
1302 84 122 5
1303 174 167 2
1304 24 22 5
1305 142 85 2
1306 45 36 3
1307 178 144 3
1308 135 65 4
1309 56 68 5
1310 35 136 5
1311 85 149 4
1312 100 63 1
1313 87 178 2
1314 83 138 2
1315 5 134 3
1316 152 163 1
1317 77 54 3
1318 17 89 4
1319 10 177 4
1320 7 57 2
1321 162 63 2
1322 156 92 1
1323 43 84 4
1324 119 68 5
1325 7 131 1
1326 83 36 3
1327 101 35 3
1328 142 61 3
1329 15 43 5
1330 120 72 3
1331 76 47 3
1332 25 60 4
1333 16 22 5
1334 111 62 5
1335 79 147 3
1336 48 113 4
1337 92 71 5
1338 19 58 2
1339 117 112 1
1340 126 35 2
1341 72 42 4
1342 116 77 2
1343 108 14 1
1344 47 121 2
1345 139 150 2
1346 4 7 3
1347 98 66 5
1348 103 141 4
1349 77 109 2
1350 75 37 1
1351 168 41 2
1352 126 173 5
1353 69 69 4
1354 66 119 3
1355 106 7 2
1356 22 32 1
1357 27 132 3
1358 28 9 3
1359 155 30 5
1360 49 17 4
1361 114 122 1
1362 99 13 5
1363 93 167 3
1364 62 91 5
1365 118 104 4
1366 135 37 5
1367 105 150 4
1368 144 153 4
1369 19 31 3
1370 84 115 1
1371 74 68 4
1372 80 121 2
1373 43 62 3
1374 8 70 4
1375 15 118 2
1376 126 8 5
1377 3 67 4
1378 163 142 3
1379 97 44 1
1380 11 57 4
1381 86 55 5
1382 166 106 1
1383 87 173 3
1384 166 97 2
1385 34 80 3
1386 76 27 1
1387 177 8 1
1388 84 34 5
1389 65 2 1
1390 45 86 2
1391 133 88 2
1392 125 33 2
1393 53 19 2
1394 161 104 5
1395 118 36 4
1396 78 39 1
1397 117 151 3
1398 124 68 4
1399 137 54 2
1400 173 12 5
1401 31 86 5
1402 44 75 2
1403 93 112 4
1404 155 175 4
1405 145 96 3
1406 87 3 3
1407 73 72 4
1408 114 148 5
1409 74 104 1
1410 14 16 2
1411 65 34 5
1412 103 149 4
1413 142 72 2
1414 10 131 1
1415 140 74 3
1416 6 30 5
1417 30 171 4
1418 94 124 3
1419 28 50 2
1420 12 64 3
1421 69 159 5
1422 101 160 4
1423 151 81 2
1424 99 147 4
1425 74 11 5
1426 63 1 1
1427 129 25 2
1428 172 132 1
1429 129 15 2
1430 67 124 3
1431 41 177 5
1432 68 64 2
1433 23 75 5
1434 146 95 3
1435 128 21 2
1436 113 159 3
1437 8 135 1
1438 31 107 2
1439 59 91 5
1440 80 73 2
1441 34 69 1
1442 27 147 1
1443 14 97 2
1444 151 132 4
1445 65 25 3
1446 58 94 3
1447 92 162 4
1448 95 46 1
1449 23 38 1
1450 177 60 1
1451 69 134 4
1452 43 153 4
1453 52 157 1
1454 123 114 3
1455 105 51 4
1456 142 174 5
1457 25 31 1
1458 1 83 2
1459 85 96 2
1460 130 85 5
1461 146 156 3
1462 85 40 5
1463 141 40 3
1464 172 39 2
1465 30 86 4
1466 168 143 1
1467 43 168 1
1468 38 128 4
1469 18 82 3
1470 45 122 4
1471 153 1 5
1472 96 114 5
1473 161 129 5
1474 86 10 2
1475 102 165 2
1476 49 178 5
1477 64 23 2
1478 99 73 2
1479 50 29 1
1480 105 53 3
1481 159 44 2
1482 44 25 4
1483 140 81 5
1484 20 178 1
1485 100 117 4
1486 131 32 1
1487 35 138 3
1488 137 116 2
1489 137 73 3
1490 33 62 5
1491 76 3 2
1492 96 41 2
1493 90 9 4
1494 77 178 2
1495 49 49 4
1496 164 46 4
1497 175 114 3
1498 161 81 1
1499 70 140 1
1500 66 10 1
1501 91 38 5
1502 10 113 3
1503 129 42 5
1504 135 50 2
1505 119 10 1
1506 71 25 4
1507 67 167 3
1508 18 129 1
1509 133 66 1
1510 116 6 3
1511 101 161 2
1512 119 32 4
1513 178 105 2
1514 84 20 3
1515 161 123 5
1516 138 135 4
1517 51 45 1
1518 5 18 4
1519 87 126 1
1520 103 139 5
1521 13 123 3
1522 97 37 2
1523 50 7 1
1524 27 90 3
1525 68 156 2
1526 49 12 2
1527 27 29 4
1528 163 111 1
1529 133 51 4
1530 33 78 3
1531 73 119 4
1532 176 20 3
1533 111 61 2
1534 51 70 3
1535 145 25 1
1536 10 59 5
1537 55 64 3
1538 12 67 5
1539 161 50 1
1540 65 81 5
1541 151 112 3
1542 132 90 5
1543 60 2 3
1544 157 51 1
1545 98 107 1
1546 176 77 2
1547 60 94 3
1548 47 77 2
1549 128 47 2
1550 104 172 5
1551 90 137 4
1552 166 53 1
1553 3 123 1
1554 41 33 5
1555 163 162 4
1556 29 16 1
1557 121 169 5
1558 8 166 1
1559 171 117 1
1560 173 134 3
1561 11 79 1
1562 67 174 2
1563 165 99 4
1564 136 44 3
1565 42 29 4
1566 131 86 4
1567 136 139 3
1568 133 77 5
1569 57 128 1
1570 21 114 4
1571 164 103 1
1572 12 12 4
1573 152 26 1
1574 52 156 3
1575 80 140 4
1576 172 119 2
1577 127 101 5
1578 81 84 1
1579 121 22 3
1580 138 55 3
1581 144 15 4
1582 37 154 2
1583 130 159 4
1584 12 83 5
1585 61 138 1
1586 5 92 4
1587 70 85 3
1588 45 124 2
1589 95 63 3
1590 108 127 2
1591 116 38 1
1592 61 2 1
1593 20 167 1
1594 63 130 1
1595 2 49 5
1596 12 174 2
1597 177 9 4
1598 29 82 4
1599 129 58 2
1600 31 131 1
1601 35 74 1
1602 119 0 4
1603 165 151 5
1604 8 27 5
1605 90 48 4
1606 53 64 2
1607 49 163 1
1608 116 21 4
1609 167 157 4
1610 32 50 1
1611 101 157 4
1612 29 34 1
1613 35 62 1
1614 57 75 2
1615 68 170 2
1616 145 132 2
1617 109 175 4
1618 63 108 3
1619 130 58 5
1620 17 72 4
1621 162 72 4
1622 160 124 4
1623 178 122 5
1624 177 20 3
1625 130 168 1
1626 89 129 4
1627 164 143 4
1628 42 105 3
1629 125 88 4
1630 88 72 5
1631 159 73 1
1632 53 140 2
1633 26 40 5
1634 13 107 5
1635 68 42 3
1636 67 9 1
1637 15 48 3
1638 133 3 2
1639 172 30 5
1640 79 119 3
1641 119 143 2
1642 154 71 5
1643 140 127 2
1644 35 49 3
1645 6 94 4
1646 67 164 5
1647 115 76 2
1648 81 112 5
1649 110 158 2
1650 69 28 4
1651 173 146 2
1652 27 176 1
1653 139 140 2
1654 55 101 1
1655 80 176 4
1656 116 74 3
1657 28 25 4
1658 10 32 1
1659 169 167 3
1660 43 3 1
1661 126 5 1
1662 98 93 2
1663 6 114 5
1664 134 80 3
1665 81 19 5
1666 89 166 3
1667 17 130 1
1668 140 100 4
1669 145 54 5
1670 2 146 1
1671 125 171 5
1672 81 144 2
1673 102 79 4
1674 15 105 4
1675 164 13 4
1676 53 31 5
1677 29 177 1
1678 81 120 4
1679 142 11 4
1680 58 105 2
1681 15 170 4
1682 174 73 4
1683 79 51 1
1684 173 3 3
1685 164 17 2
1686 143 59 5
1687 56 168 3
1688 70 166 3
1689 18 13 2
1690 99 85 1
1691 104 88 3
1692 5 120 4
1693 64 31 4
1694 142 137 1
1695 139 87 2
1696 173 168 3
1697 116 102 1
1698 73 12 3
1699 134 94 2
1700 48 42 4
1701 62 131 4
1702 118 171 5
1703 98 40 3
1704 110 15 3
1705 4 132 5
1706 80 10 4
1707 40 108 4
1708 90 45 5
1709 80 161 2
1710 76 12 4
1711 166 26 4
1712 114 58 3
1713 24 51 3
1714 26 80 4
1715 105 147 1
1716 105 169 3
1717 34 52 1
1718 171 168 4
1719 51 67 5
1720 1 68 4
1721 7 145 1
1722 7 47 4
1723 109 61 3
1724 168 128 3
1725 28 67 5
1726 41 174 3
1727 170 127 3
1728 0 60 1
1729 83 98 5
1730 42 22 4
1731 8 40 4
1732 12 23 4
1733 142 166 2
1734 107 78 3
1735 30 162 4
1736 43 25 1
1737 71 86 5
1738 154 0 1
1739 149 38 4
1740 34 3 4
1741 1 176 1
1742 125 123 1
1743 12 130 1
1744 38 76 3
1745 30 83 2
1746 49 113 5
1747 36 55 1
1748 133 119 1
1749 67 112 2
1750 80 101 3
1751 52 56 3
1752 17 87 5
1753 116 76 1
1754 6 10 1
1755 22 163 4
1756 166 164 3
1757 77 40 1
1758 3 0 3
1759 9 38 3
1760 57 20 4
1761 153 76 2
1762 119 61 1
1763 159 85 5
1764 123 123 4
1765 112 72 3
1766 160 150 5
1767 80 102 4
1768 169 80 3
1769 19 97 2
1770 146 158 4
1771 164 91 4
1772 39 75 4
1773 104 111 5
1774 75 146 3
1775 32 55 1
1776 88 44 2
1777 155 16 3
1778 3 158 2
1779 133 69 3
1780 23 135 5
1781 59 147 3
1782 100 160 1
1783 160 2 1
1784 159 156 2
1785 118 114 5
1786 176 135 2
1787 130 13 3
1788 159 18 5
1789 95 165 4
1790 78 72 4
1791 114 3 4
1792 70 114 1
1793 175 111 2
1794 101 32 2
1795 23 55 3
1796 12 46 2
1797 141 122 1
1798 126 27 4
1799 61 144 4
1800 116 49 1
1801 155 111 2
1802 147 154 4
1803 136 77 3
1804 9 13 2
1805 32 150 5
1806 133 8 2
1807 155 112 3
1808 22 104 2
1809 114 71 2
1810 129 24 2
1811 35 20 4
1812 64 73 5
1813 121 82 3
1814 31 74 4
1815 143 74 5
1816 10 105 4
1817 47 39 4
1818 160 167 1
1819 42 93 1
1820 22 105 3
1821 114 138 3
1822 83 49 4
1823 52 55 1
1824 31 143 2
1825 148 53 3
1826 158 59 2
1827 119 25 3
1828 65 101 5
1829 85 145 4
1830 80 44 4
1831 87 146 4
1832 9 134 4
1833 36 70 3
1834 46 10 5
1835 118 25 2
1836 11 90 4
1837 40 82 2
1838 53 135 1
1839 4 5 1
1840 164 30 5
1841 96 148 1
1842 132 169 4
1843 100 138 1
1844 138 134 5
1845 115 177 5
1846 97 174 2
1847 134 53 5
1848 5 118 1
1849 165 63 1
1850 161 105 3
1851 116 124 2
1852 159 126 1
1853 5 36 4
1854 156 117 3
1855 117 14 1
1856 113 114 4
1857 151 93 4
1858 18 163 4
1859 83 60 1
1860 12 117 3
1861 171 143 1
1862 110 53 2
1863 35 142 1
1864 62 130 3
1865 118 126 2
1866 169 152 2
1867 36 88 2
1868 72 6 3
1869 149 26 3
1870 127 17 5
1871 115 69 1
1872 168 70 2
1873 177 178 2
1874 137 151 5
1875 164 24 5
1876 147 112 2
1877 156 151 1
1878 41 119 5
1879 34 94 4
1880 171 85 5
1881 15 11 1
1882 123 34 3
1883 172 176 3
1884 142 162 5
1885 25 136 1
1886 76 31 3
1887 6 158 3
1888 149 75 2
1889 131 50 1
1890 132 46 3
1891 124 31 4
1892 54 51 2
1893 64 20 4
1894 154 66 1
1895 13 91 3
1896 19 138 1
1897 60 40 1
1898 4 46 2
1899 1 81 4
1900 65 103 3
1901 23 137 3
1902 68 87 3
1903 93 123 2
1904 111 135 2
1905 168 157 2
1906 10 53 5
1907 83 90 5
1908 79 145 5
1909 68 84 1
1910 67 144 5
1911 84 69 1
1912 123 47 4
1913 86 126 5
1914 53 77 3
1915 139 114 4
1916 166 22 4
1917 51 110 3
1918 8 105 2
1919 108 67 1
1920 61 129 3
1921 125 73 5
1922 14 84 3
1923 72 173 1
1924 155 33 2
1925 168 178 1
1926 12 136 5
1927 155 137 2
1928 158 138 3
1929 103 7 1
1930 75 89 1
1931 18 22 2
1932 122 91 5
1933 95 117 5
1934 30 27 2
1935 106 93 5
1936 122 172 3
1937 84 155 1
1938 10 110 1
1939 167 91 5
1940 108 146 2
1941 81 3 4
1942 177 131 3
1943 141 149 2
1944 84 102 3
1945 146 169 5
1946 46 19 1
1947 16 132 3
1948 33 124 4
1949 17 122 5
1950 89 135 1
1951 172 87 5
1952 65 113 3
1953 19 56 2
1954 65 75 5
1955 122 53 1
1956 123 167 3
1957 117 114 3
1958 60 124 4
1959 15 75 5
1960 28 78 5
1961 106 133 3
1962 9 55 4
1963 145 0 2
1964 66 96 4
1965 154 91 3
1966 167 24 5
1967 132 115 3
1968 112 177 5
1969 124 24 1
1970 27 166 1
1971 159 21 5
1972 66 6 2
1973 36 34 4
1974 166 100 1
1975 29 107 4
1976 110 102 4
1977 3 116 4
1978 71 100 2
1979 162 150 1
1980 173 114 1
1981 104 27 5
1982 147 57 1
1983 69 6 1
1984 78 88 5
1985 103 11 3
1986 28 1 5
1987 174 148 4
1988 34 91 1
1989 112 6 5
1990 9 11 5
1991 83 125 4
1992 72 103 4
1993 15 62 2
1994 6 79 4
1995 25 137 1
1996 74 57 4
1997 30 166 4
1998 98 76 5
1999 18 143 4
2000 151 48 1
2001 86 102 4
2002 17 132 5
2003 148 89 4
2004 123 26 4
2005 154 60 1
2006 155 48 4
2007 141 167 2
2008 100 1 4
2009 37 158 1
2010 97 106 1
2011 150 156 5
2012 89 11 1
2013 169 30 4
2014 148 154 4
2015 26 102 2
2016 65 115 2
2017 14 163 3
2018 175 121 4
2019 80 93 2
2020 125 162 5
2021 53 133 5
2022 68 65 5
2023 11 21 1
2024 14 119 4
2025 141 25 3
2026 98 149 1
2027 141 141 1
2028 3 97 2
2029 61 126 3
2030 145 149 5
2031 153 149 3
2032 172 41 2
2033 126 106 1
2034 34 175 1
2035 150 53 5
2036 9 107 1
2037 26 110 3
2038 171 22 3
2039 12 18 5
2040 109 89 2
2041 12 129 2
2042 97 155 4
2043 142 146 3
2044 147 45 4
2045 12 77 5
2046 116 23 1
2047 29 40 3
2048 139 130 2
2049 145 13 1
2050 136 111 3
2051 80 50 3
2052 152 5 5
2053 175 172 2
2054 24 130 5
2055 57 4 3
2056 88 91 1
2057 100 158 2
2058 130 15 4
2059 101 63 4
2060 134 142 1
2061 51 153 4
2062 138 43 5
2063 64 8 2
2064 47 120 4
2065 65 62 5
2066 32 79 1
2067 116 24 3
2068 8 129 4
2069 168 45 5
2070 61 43 3
2071 95 149 2
2072 173 157 1
2073 123 17 4
2074 144 127 1
2075 45 65 4
2076 22 156 2
2077 72 25 1
2078 90 156 2
2079 16 148 5
2080 69 17 4
2081 8 42 1
2082 46 154 2
2083 102 91 4
2084 96 96 2
2085 54 44 4
2086 23 136 5
2087 33 162 5
2088 171 172 2
2089 38 38 2
2090 8 20 4
2091 3 1 2
2092 110 49 2
2093 38 112 4
2094 2 121 5
2095 152 156 5
2096 36 59 5
2097 48 106 4
2098 62 45 4
2099 28 150 3
2100 70 42 4
2101 159 89 3
2102 65 74 1
2103 29 63 1
2104 41 52 1
2105 0 159 3
2106 21 61 3
2107 62 74 1
2108 99 117 4
2109 173 132 4
2110 136 118 3
2111 31 22 2
2112 159 24 3
2113 82 5 5
2114 150 109 1
2115 96 151 2
2116 32 146 4
2117 91 63 3
2118 51 31 1
2119 25 14 2
2120 155 38 4
2121 29 22 4
2122 65 22 2
2123 117 147 5
2124 60 77 5
2125 132 110 5
2126 154 169 1
2127 6 141 2
2128 161 58 4
2129 123 152 5
2130 69 88 5
2131 128 91 1
2132 141 108 5
2133 167 109 5
2134 125 55 2
2135 30 49 3
2136 163 126 3
2137 55 178 5
2138 146 13 4
2139 170 106 5
2140 118 8 1
2141 106 149 4
2142 79 29 4
2143 15 148 3
2144 177 42 4
2145 69 169 3
2146 126 99 2
2147 120 156 4
2148 166 18 4
2149 46 120 2
2150 95 155 1
2151 85 138 5
2152 39 52 2
2153 123 139 5
2154 38 3 1
2155 22 38 5
2156 120 157 3
2157 39 90 5
2158 47 102 1
2159 177 155 5
2160 52 143 2
2161 24 134 2
2162 173 116 3
2163 138 162 2
2164 87 160 5
2165 144 34 4
2166 121 177 1
2167 132 58 2
2168 109 108 3
2169 20 139 1
2170 153 69 4
2171 147 102 1
2172 82 1 1
2173 13 135 3
2174 59 168 3
2175 19 168 5
2176 102 0 5
2177 150 27 5
2178 36 162 4
2179 39 178 2
2180 148 171 4
2181 49 38 1
2182 49 6 2
2183 31 75 2
2184 140 76 4
2185 19 3 3
2186 143 102 4
2187 70 25 2
2188 20 166 2
2189 49 21 5
2190 63 5 5
2191 44 45 2
2192 147 149 2
2193 78 176 3
2194 133 26 1
2195 35 95 2
2196 138 99 2
2197 101 25 1
2198 107 120 3
2199 155 89 1
2200 102 107 1
2201 12 125 2
2202 147 52 4
2203 166 109 5
2204 131 51 5
2205 24 24 2
2206 130 18 5
2207 7 52 4
2208 95 0 1
2209 22 97 1
2210 117 47 5
2211 72 110 4
2212 109 129 1
2213 96 42 2
2214 50 172 4
2215 166 122 4
2216 80 149 3
2217 146 122 4
2218 109 119 4
2219 39 32 3
2220 2 86 1
2221 79 177 5
2222 107 83 1
2223 56 51 5
2224 85 97 4
2225 47 127 3
2226 73 6 2
2227 57 127 3
2228 144 72 2
2229 2 168 1
2230 146 4 5
2231 20 38 4
2232 35 91 4
2233 143 166 2
2234 89 54 5
2235 139 62 2
2236 83 82 4
2237 10 124 4
2238 1 171 4
2239 70 158 5
2240 178 82 4
2241 47 89 3
2242 56 58 5
2243 96 28 3
2244 110 120 2
2245 102 36 3
2246 105 131 4
2247 36 67 3
2248 110 167 4
2249 84 10 3
2250 168 30 2
2251 144 125 2
2252 68 149 3
2253 104 31 4
2254 108 12 4
2255 97 13 1
2256 80 142 5
2257 126 66 1
2258 152 167 5
2259 99 53 4
2260 109 36 4
2261 20 34 1
2262 62 80 1
2263 117 159 4
2264 168 150 2
2265 5 72 4
2266 116 87 3
2267 122 13 1
2268 30 125 3
2269 31 101 3
2270 108 83 3
2271 49 81 2
2272 134 57 2
2273 87 76 4
2274 174 128 4
2275 96 36 2
2276 143 144 3
2277 174 137 5
2278 112 112 1
2279 86 129 5
2280 25 162 5
2281 88 138 2
2282 15 131 5
2283 43 103 3
2284 24 45 2
2285 106 169 1
2286 76 151 3
2287 11 71 3
2288 88 15 3
2289 98 121 2
2290 40 45 1
2291 142 82 1
2292 10 78 3
2293 60 119 2
2294 132 76 5
2295 74 170 3
2296 87 39 5
2297 45 19 4
2298 85 174 1
2299 175 94 3
2300 44 171 2
2301 151 58 1
2302 55 5 4
2303 36 111 1
2304 154 68 4
2305 162 47 1
2306 21 164 5
2307 4 123 5
2308 148 138 4
2309 160 58 4
2310 114 154 2
2311 120 133 2
2312 159 19 1
2313 128 118 3
2314 142 127 2
2315 128 26 2
2316 14 54 5
2317 43 38 1
2318 140 77 4
2319 118 23 4
2320 88 4 3
2321 3 128 4
2322 26 68 1
2323 44 70 3
2324 52 150 5
2325 27 2 3
2326 133 132 5
2327 122 44 1
2328 84 101 3
2329 86 40 2
2330 30 106 3
2331 152 2 5
2332 29 23 2
2333 37 119 1
2334 139 119 3
2335 72 66 4
2336 101 46 3
2337 28 158 4
2338 31 42 1
2339 81 60 3
2340 112 108 1
2341 60 49 5
2342 168 15 3
2343 75 173 3
2344 104 61 1
2345 141 17 1
2346 38 164 2
2347 166 61 4
2348 153 7 3
2349 30 89 2
2350 30 60 1
2351 92 83 3
2352 164 35 4
2353 24 11 2
2354 174 15 3
2355 88 120 1
2356 131 131 5
2357 33 37 2
2358 8 132 3
2359 130 52 2
2360 134 163 1
2361 159 42 2
2362 153 88 3
2363 108 121 5
2364 124 7 3
2365 36 43 2
2366 88 128 5
2367 19 106 1
2368 49 89 5
2369 91 2 3
2370 140 42 3
2371 69 129 1
2372 55 42 1
2373 139 27 5
2374 52 76 4
2375 116 8 5
2376 142 103 1
2377 148 75 3
2378 32 82 4
2379 40 176 1
2380 32 111 5
2381 114 15 3
2382 63 38 1
2383 97 25 4
2384 163 136 1
2385 171 76 5
2386 34 68 5
2387 73 42 1
2388 139 168 5
2389 135 154 1
2390 126 102 2
2391 140 103 5
2392 59 23 4
2393 67 125 4
2394 10 100 5
2395 35 159 1
2396 44 34 4
2397 78 30 3
2398 0 90 5
2399 66 127 4
2400 73 21 3
2401 77 101 4
2402 17 81 4
2403 121 109 5
2404 66 84 4
2405 2 176 3
2406 46 14 1
2407 160 61 4
2408 99 155 5
2409 111 33 5
2410 59 108 5
2411 3 5 4
2412 18 58 3
2413 21 0 1
2414 172 76 2
2415 64 2 1
2416 37 103 5
2417 154 165 4
2418 43 17 2
2419 159 123 5
2420 61 49 2
2421 132 36 1
2422 65 163 5
2423 90 130 5
2424 56 23 3
2425 96 174 4
2426 165 142 2
2427 42 28 3
2428 55 81 4
2429 110 103 1
2430 0 5 1
2431 17 3 2
2432 5 144 5
2433 3 36 5
2434 160 69 1
2435 90 136 4
2436 150 25 4
2437 84 135 4
2438 71 6 1
2439 118 174 4
2440 3 152 4
2441 177 23 4
2442 123 30 3
2443 170 40 4
2444 129 174 1
2445 70 35 1
2446 159 160 2
2447 27 37 5
2448 159 114 1
2449 42 120 4
2450 80 167 5
2451 90 52 1
2452 93 28 3
2453 165 13 3
2454 22 40 1
2455 61 177 5
2456 133 122 4
2457 139 79 3
2458 145 32 2
2459 117 19 2
2460 175 129 1
2461 111 128 1
2462 174 124 5
2463 50 100 3
2464 73 136 3
2465 35 16 2
2466 68 97 3
2467 70 92 5
2468 95 153 5
2469 82 143 1
2470 142 36 5
2471 6 34 5
2472 158 94 4
2473 4 93 2
2474 78 61 3
2475 64 172 1
2476 136 38 1
2477 148 72 1
2478 12 24 4
2479 84 145 5
2480 168 132 4
2481 169 170 4
2482 164 7 5
2483 110 108 1
2484 95 13 2
2485 144 132 5
2486 61 38 2
2487 153 52 3
2488 30 107 1
2489 128 152 5
2490 9 168 4
2491 142 19 2
2492 31 169 2
2493 33 134 5
2494 109 76 2
2495 100 167 1
2496 7 81 4
2497 96 120 2
2498 112 99 1
2499 28 103 3
2500 60 113 5
2501 53 86 1
2502 20 172 5
2503 110 36 5
2504 143 48 4
2505 123 28 3
2506 39 44 5
2507 3 111 3
2508 26 65 3
2509 135 122 2
2510 138 37 1
2511 79 155 2
2512 70 50 2
2513 87 20 1
2514 27 115 3
2515 119 112 1
2516 74 111 5
2517 112 66 5
2518 45 20 4
2519 128 106 5
2520 32 90 2
2521 81 72 4
2522 103 26 1
2523 108 53 3
2524 82 8 2
2525 149 58 5
2526 47 112 3
2527 155 132 1
2528 113 0 2
2529 109 34 5
2530 84 136 1
2531 131 90 2
2532 122 47 4
2533 127 31 5
2534 177 161 4
2535 177 154 4
2536 130 114 3
2537 1 138 3
2538 125 76 3
2539 44 113 2
0 40 93
1 78 119
2 32 31
3 1 117
4 77 139
5 37 26
6 178 68
7 104 56
8 30 50
9 154 71
10 78 62
11 30 136
12 72 2
13 118 83
14 78 17
15 164 131
16 171 76
17 95 102
18 112 30
19 83 164
20 104 2
21 165 50
22 158 150
23 169 134
24 76 89
25 18 127
26 96 51
27 99 52
28 62 118
29 158 55
30 14 146
31 105 24
32 106 139
33 57 20
34 126 162
35 22 107
36 16 38
37 19 46
38 53 177
39 59 151
40 122 71
41 44 14
42 23 13
43 126 103
44 95 117
45 107 158
46 67 5
47 132 109
48 61 50
49 46 21
50 124 84
51 49 157
52 38 118
53 135 134
54 18 127
55 150 105
