121 2692 50
0 1
1 1
2 4
3 2
4 2
5 5
6 4
7 4
8 5
9 3
10 4
11 4
12 2
13 3
14 2
15 1
16 3
17 3
18 5
19 3
20 5
21 2
22 1
23 5
24 3
25 2
26 4
27 5
28 2
29 4
30 2
31 3
32 1
33 5
34 5
35 1
36 4
37 4
38 1
39 1
40 1
41 2
42 2
43 5
44 2
45 3
46 5
47 5
48 1
49 1
50 4
51 5
52 4
53 4
54 3
55 3
56 5
57 4
58 5
59 4
60 1
61 2
62 5
63 5
64 5
65 1
66 3
67 4
68 3
69 2
70 5
71 5
72 2
73 2
74 5
75 1
76 1
77 4
78 3
79 5
80 3
81 5
82 1
83 1
84 4
85 2
86 2
87 2
88 2
89 4
90 1
91 3
92 4
93 2
94 4
95 4
96 3
97 1
98 4
99 1
100 4
101 5
102 2
103 1
104 3
105 1
106 4
107 3
108 2
109 1
110 2
111 4
112 1
113 4
114 1
115 1
116 3
117 3
118 1
119 3
120 5
0 87 29 2
1 118 113 2
2 6 13 2
3 113 0 4
4 87 96 2
5 15 16 5
6 69 71 5
7 92 16 3
8 42 4 3
9 0 80 2
10 68 24 1
11 81 108 2
12 55 59 5
13 68 105 5
14 94 47 2
15 101 36 5
16 18 80 3
17 50 44 4
18 116 45 3
19 50 8 1
20 60 74 1
21 101 70 3
22 98 18 5
23 16 14 1
24 24 26 4
25 76 25 5
26 117 70 1
27 25 91 2
28 95 16 2
29 26 83 5
30 28 119 4
31 118 4 2
32 79 62 3
33 72 73 4
34 57 73 5
35 76 12 4
36 55 56 2
37 100 10 1
38 67 118 4
39 49 62 5
40 20 42 1
41 120 82 3
42 114 110 1
43 81 75 1
44 74 59 5
45 23 20 4
46 59 29 2
47 0 40 2
48 99 110 5
49 5 81 1
50 118 42 2
51 47 6 2
52 53 99 1
53 10 34 4
54 72 120 1
55 54 54 4
56 47 52 1
57 110 101 3
58 105 43 1
59 33 53 3
60 71 48 4
61 88 23 2
62 26 98 2
63 1 39 5
64 12 50 1
65 42 15 2
66 57 33 3
67 55 113 1
68 53 106 1
69 61 71 1
70 96 102 2
71 95 15 3
72 17 10 5
73 55 104 2
74 100 77 2
75 32 79 2
76 68 32 2
77 60 103 2
78 67 106 5
79 64 73 1
80 7 34 1
81 11 46 3
82 76 102 2
83 17 64 2
84 8 12 3
85 41 104 3
86 67 95 3
87 48 69 3
88 39 68 3
89 68 45 4
90 84 41 5
91 107 106 2
92 31 63 1
93 108 91 5
94 118 94 1
95 120 110 1
96 57 86 3
97 91 83 5
98 32 71 2
99 110 53 5
100 34 33 3
101 106 31 2
102 24 40 5
103 1 58 3
104 107 105 5
105 7 49 4
106 118 6 4
107 92 96 5
108 18 17 1
109 62 13 1
110 14 115 1
111 45 109 5
112 51 62 3
113 67 26 4
114 66 85 5
115 4 88 1
116 62 57 4
117 8 74 1
118 92 61 4
119 44 49 4
120 53 71 5
121 17 91 4
122 95 74 5
123 6 83 4
124 11 80 3
125 99 17 2
126 30 78 5
127 65 34 3
128 13 108 1
129 118 23 2
130 3 19 5
131 47 118 1
132 31 91 3
133 10 47 1
134 44 95 4
135 51 13 2
136 36 109 3
137 74 5 5
138 17 26 5
139 25 44 4
140 36 117 3
141 4 104 4
142 84 20 2
143 15 37 5
144 45 97 3
145 58 75 1
146 44 78 5
147 98 49 4
148 8 47 4
149 1 6 3
150 85 72 2
151 42 93 5
152 93 67 4
153 33 112 1
154 36 47 4
155 52 97 4
156 103 17 3
157 11 115 3
158 48 18 5
159 80 48 3
160 51 117 5
161 3 82 4
162 4 20 1
163 66 8 3
164 111 84 4
165 52 104 1
166 72 49 2
167 97 18 5
168 14 34 1
169 22 74 2
170 105 39 3
171 102 32 5
172 97 36 2
173 11 74 4
174 49 90 3
175 115 39 3
176 56 82 2
177 49 4 3
178 96 3 4
179 93 61 1
180 63 69 2
181 111 77 2
182 17 107 4
183 83 10 2
184 14 23 2
185 114 114 3
186 97 10 2
187 74 46 3
188 98 77 2
189 3 24 3
190 63 52 5
191 94 24 2
192 85 5 4
193 48 13 1
194 78 46 3
195 29 5 4
196 93 38 2
197 120 92 2
198 38 47 3
199 99 62 2
200 71 38 4
201 10 60 4
202 57 107 4
203 54 33 4
204 14 0 4
205 5 31 3
206 120 35 3
207 27 112 1
208 120 47 3
209 84 68 2
210 38 9 1
211 64 112 1
212 84 47 5
213 119 26 4
214 68 117 3
215 100 88 2
216 89 15 1
217 46 72 4
218 15 11 3
219 59 14 4
220 62 58 4
221 71 62 3
222 96 27 3
223 51 55 5
224 69 24 5
225 57 42 3
226 34 48 1
227 18 55 5
228 86 85 1
229 32 76 2
230 116 66 1
231 50 110 5
232 103 80 2
233 83 96 5
234 45 10 5
235 80 112 5
236 117 20 5
237 108 116 2
238 88 41 2
239 22 20 3
240 115 86 4
241 72 79 4
242 81 29 3
243 15 31 4
244 21 16 3
245 75 6 5
246 26 91 4
247 52 87 5
248 41 47 5
249 80 50 4
250 19 18 3
251 17 35 2
252 38 104 5
253 42 1 5
254 26 59 2
255 71 116 1
256 34 41 1
257 101 45 2
258 33 92 2
259 24 62 1
260 73 68 2
261 24 70 5
262 78 102 4
263 50 95 4
264 45 12 2
265 58 9 1
266 62 81 4
267 0 3 5
268 2 107 1
269 46 106 1
270 77 41 3
271 69 43 4
272 54 38 2
273 110 7 5
274 82 20 4
275 70 78 5
276 85 27 1
277 2 42 2
278 79 57 3
279 100 90 1
280 63 46 5
281 7 32 1
282 85 63 3
283 32 114 3
284 107 34 5
285 3 66 5
286 85 61 4
287 77 11 3
288 73 37 4
289 104 29 2
290 13 43 4
291 39 4 2
292 29 41 4
293 80 47 3
294 52 108 4
295 10 15 3
296 63 17 4
297 116 11 5
298 50 15 3
299 95 47 1
300 10 19 1
301 33 70 5
302 89 93 5
303 55 37 3
304 73 89 1
305 23 22 1
306 80 6 4
307 18 35 1
308 114 14 3
309 17 116 2
310 91 106 1
311 44 59 5
312 0 75 4
313 25 20 5
314 84 6 2
315 15 4 1
316 106 51 2
317 10 115 3
318 37 105 4
319 20 52 1
320 80 116 2
321 39 14 4
322 57 3 4
323 102 79 5
324 111 75 5
325 42 66 1
326 80 66 2
327 18 66 2
328 96 56 2
329 9 87 3
330 90 90 3
331 84 73 5
332 76 1 1
333 58 100 4
334 37 13 2
335 41 20 2
336 68 64 5
337 0 17 2
338 113 66 3
339 2 14 1
340 39 71 5
341 33 55 5
342 91 118 3
343 30 105 3
344 32 92 5
345 115 30 4
346 93 53 5
347 86 110 1
348 90 50 1
349 45 43 1
350 92 83 1
351 60 59 5
352 63 32 2
353 40 32 3
354 17 98 2
355 71 26 4
356 118 80 4
357 15 78 3
358 81 1 5
359 64 30 4
360 26 89 5
361 113 45 5
362 67 114 2
363 74 92 4
364 108 108 3
365 99 80 4
366 108 53 3
367 63 51 4
368 111 94 1
369 22 92 2
370 6 119 2
371 104 25 3
372 45 23 1
373 55 87 2
374 27 24 2
375 80 111 2
376 59 34 1
377 82 35 5
378 89 118 3
379 110 98 5
380 89 108 5
381 103 88 2
382 37 99 4
383 61 9 3
384 104 80 4
385 84 18 2
386 70 105 1
387 114 9 5
388 53 5 1
389 96 24 1
390 110 15 3
391 26 27 4
392 76 36 5
393 29 72 1
394 64 31 4
395 91 16 3
396 112 37 3
397 9 94 4
398 9 99 1
399 81 8 1
400 85 34 1
401 27 90 3
402 15 117 1
403 102 61 1
404 16 83 4
405 25 74 5
406 99 23 1
407 97 70 3
408 102 33 3
409 56 23 3
410 49 108 4
411 16 30 4
412 46 37 2
413 35 73 1
414 97 58 4
415 113 89 1
416 7 57 1
417 2 46 5
418 72 52 3
419 9 13 3
420 57 67 2
421 2 57 1
422 47 2 3
423 104 30 4
424 116 12 5
425 100 89 2
426 77 66 4
427 27 46 5
428 58 32 1
429 119 10 4
430 97 68 2
431 77 30 4
432 81 43 2
433 39 116 3
434 71 3 2
435 8 39 5
436 117 83 3
437 13 89 4
438 43 19 2
439 67 102 3
440 57 43 5
441 74 2 1
442 25 28 5
443 2 88 2
444 56 57 3
445 64 5 3
446 44 67 3
447 60 39 1
448 48 22 4
449 22 62 2
450 70 115 5
451 120 58 2
452 40 109 4
453 3 98 5
454 115 46 5
455 101 82 5
456 32 107 5
457 79 16 5
458 46 39 4
459 36 20 1
460 89 65 2
461 60 95 3
462 49 11 2
463 21 48 1
464 33 23 2
465 100 115 5
466 79 52 5
467 116 41 5
468 48 36 2
469 49 76 3
470 9 51 3
471 109 31 4
472 80 113 2
473 34 13 2
474 117 116 3
475 110 52 4
476 41 0 4
477 42 104 4
478 73 74 3
479 91 54 2
480 103 53 1
481 30 56 1
482 69 8 3
483 42 68 1
484 10 12 3
485 103 40 2
486 27 81 1
487 66 81 4
488 56 83 4
489 33 106 5
490 67 49 4
491 96 44 1
492 69 39 1
493 29 52 4
494 38 39 4
495 48 15 5
496 31 11 5
497 90 19 5
498 106 1 1
499 19 68 2
500 66 60 4
501 18 31 2
502 104 101 5
503 83 39 2
504 66 94 2
505 118 68 1
506 38 11 5
507 112 42 4
508 95 25 2
509 117 19 1
510 50 63 4
511 16 99 4
512 38 65 4
513 59 73 1
514 21 75 1
515 9 117 5
516 64 8 5
517 70 58 2
518 82 59 4
519 72 75 4
520 38 0 4
521 82 86 1
522 111 57 2
523 20 3 3
524 41 7 1
525 76 73 5
526 112 91 3
527 6 108 4
528 77 2 1
529 88 86 4
530 58 3 1
531 72 97 4
532 53 19 4
533 102 119 3
534 120 94 4
535 72 119 1
536 116 52 1
537 86 58 5
538 120 31 2
539 87 46 2
540 113 82 1
541 31 29 3
542 36 113 3
543 40 61 4
544 34 118 1
545 112 100 1
546 74 53 4
547 2 17 4
548 110 96 2
549 111 14 1
550 120 76 4
551 56 101 3
552 110 55 1
553 77 101 5
554 4 87 1
555 84 35 2
556 5 78 2
557 68 53 5
558 9 11 2
559 85 114 1
560 76 118 4
561 77 65 3
562 63 74 2
563 90 22 3
564 44 14 3
565 90 30 5
566 13 10 1
567 7 88 2
568 61 22 3
569 93 119 2
570 66 91 2
571 35 53 4
572 97 56 1
573 42 35 3
574 92 68 1
575 17 81 5
576 11 17 5
577 79 100 2
578 14 14 2
579 99 104 2
580 65 49 5
581 56 49 3
582 87 0 1
583 41 43 1
584 89 80 1
585 108 0 5
586 96 5 4
587 2 79 1
588 65 97 5
589 7 25 3
590 111 51 2
591 6 54 1
592 76 23 2
593 32 36 1
594 5 68 1
595 37 92 5
596 78 83 2
597 17 24 2
598 57 80 5
599 82 74 2
600 58 41 2
601 43 55 5
602 93 21 1
603 97 76 5
604 1 72 1
605 68 58 4
606 97 91 1
607 49 24 4
608 13 13 1
609 116 110 5
610 90 47 1
611 112 105 4
612 15 69 1
613 75 96 3
614 59 18 5
615 100 74 4
616 30 99 3
617 114 54 2
618 101 59 3
619 111 71 2
620 62 91 4
621 95 64 5
622 74 64 2
623 76 46 4
624 35 65 3
625 48 64 3
626 18 91 2
627 7 9 1
628 90 103 3
629 106 13 5
630 27 102 2
631 112 28 1
632 29 27 2
633 35 26 3
634 55 86 2
635 26 115 3
636 102 116 2
637 49 97 3
638 14 100 4
639 30 6 3
640 118 116 5
641 51 77 1
642 14 17 2
643 4 114 3
644 66 16 4
645 55 10 4
646 100 7 2
647 96 50 4
648 17 1 3
649 82 55 4
650 29 50 2
651 51 108 4
652 38 64 5
653 8 58 3
654 47 35 2
655 93 23 2
656 67 94 3
657 66 62 2
658 37 79 1
659 41 72 3
660 112 39 5
661 22 6 1
662 31 79 5
663 9 26 1
664 52 109 2
665 115 66 4
666 43 22 1
667 118 28 5
668 105 2 3
669 99 2 2
670 114 96 4
671 89 53 5
672 88 47 1
673 22 29 1
674 120 81 5
675 66 56 3
676 83 51 3
677 25 21 2
678 25 99 5
679 35 43 4
680 20 85 4
681 67 13 3
682 56 6 3
683 52 114 1
684 17 108 5
685 9 86 3
686 15 108 4
687 23 17 2
688 50 6 1
689 48 95 3
690 84 102 3
691 76 69 4
692 0 44 5
693 49 104 3
694 87 41 4
695 75 93 2
696 80 35 3
697 83 102 2
698 91 37 3
699 17 7 1
700 83 80 1
701 114 98 5
702 117 103 2
703 103 79 5
704 45 8 4
705 37 4 5
706 48 55 4
707 74 109 4
708 12 84 2
709 55 81 4
710 3 5 5
711 39 12 3
712 84 108 4
713 67 48 3
714 110 49 1
715 42 88 4
716 110 117 4
717 100 64 1
718 111 74 5
719 66 13 5
720 60 18 4
721 113 76 4
722 68 25 5
723 76 18 1
724 53 49 3
725 6 28 4
726 86 3 1
727 28 10 2
728 88 71 5
729 51 92 5
730 82 89 5
731 109 26 1
732 39 56 1
733 94 82 2
734 81 41 1
735 52 69 3
736 83 109 2
737 6 64 5
738 87 15 2
739 29 49 1
740 107 95 2
741 61 2 4
742 114 40 1
743 85 19 5
744 61 82 2
745 104 91 5
746 83 69 4
747 25 25 1
748 71 10 5
749 120 53 5
750 98 57 2
751 72 91 2
752 14 21 3
753 104 34 1
754 22 39 5
755 69 41 5
756 2 3 2
757 115 99 1
758 17 69 1
759 55 50 1
760 61 45 2
761 70 34 1
762 91 74 4
763 10 62 4
764 22 98 2
765 80 30 5
766 76 116 4
767 63 66 2
768 75 22 4
769 47 104 2
770 82 62 3
771 31 71 5
772 5 30 1
773 55 95 5
774 84 69 3
775 21 53 1
776 34 57 3
777 96 90 4
778 87 56 1
779 28 20 3
780 50 100 4
781 46 12 4
782 46 84 5
783 99 7 5
784 53 66 4
785 20 5 2
786 98 80 1
787 0 62 2
788 66 82 2
789 31 66 3
790 56 15 3
791 102 50 4
792 5 44 1
793 34 25 3
794 102 25 3
795 53 105 2
796 72 94 2
797 80 86 1
798 116 114 2
799 46 56 4
800 58 5 2
801 37 74 5
802 16 108 4
803 72 87 1
804 35 97 5
805 68 21 1
806 89 105 3
807 63 71 5
808 36 63 2
809 55 73 3
810 72 68 2
811 117 17 4
812 36 9 5
813 32 101 1
814 0 110 3
815 57 49 5
816 90 42 5
817 64 87 4
818 88 94 1
819 27 2 2
820 52 100 2
821 17 67 3
822 79 108 4
823 86 44 1
824 4 0 4
825 86 78 2
826 6 58 3
827 38 84 3
828 104 87 1
829 84 89 3
830 76 65 2
831 24 39 2
832 47 1 4
833 34 86 5
834 30 36 3
835 63 3 5
836 108 69 2
837 47 76 5
838 61 33 3
839 47 20 1
840 71 71 2
841 11 27 2
842 67 41 4
843 0 95 1
844 82 83 2
845 14 26 2
846 5 57 4
847 74 74 5
848 28 88 4
849 40 90 4
850 52 117 1
851 39 95 4
852 57 96 1
853 8 72 5
854 21 50 4
855 71 17 4
856 23 58 1
857 16 24 1
858 68 75 1
859 55 112 2
860 12 65 1
861 105 63 2
862 2 66 3
863 45 4 5
864 89 49 2
865 108 43 1
866 86 67 2
867 115 31 3
868 15 94 4
869 98 28 2
870 28 86 5
871 77 90 4
872 31 116 5
873 28 80 5
874 60 51 1
875 18 96 5
876 5 104 2
877 19 0 2
878 88 12 2
879 35 21 4
880 109 103 2
881 36 100 1
882 17 59 1
883 8 87 3
884 48 65 1
885 36 33 2
886 29 43 2
887 73 50 1
888 85 48 3
889 41 51 4
890 84 34 4
891 105 10 3
892 49 32 2
893 63 100 4
894 73 110 5
895 80 45 2
896 58 118 5
897 22 86 3
898 9 48 3
899 64 83 3
900 16 100 2
901 48 16 1
902 37 32 4
903 108 47 5
904 117 104 3
905 28 47 3
906 103 19 4
907 70 114 4
908 46 96 3
909 94 86 4
910 107 38 4
911 86 7 2
912 31 24 1
913 109 28 2
914 21 17 2
915 59 52 2
916 72 13 5
917 8 20 3
918 110 6 1
919 33 17 4
920 115 88 2
921 55 41 3
922 78 94 4
923 7 113 2
924 55 96 1
925 11 4 1
926 55 15 1
927 48 92 1
928 52 74 1
929 14 91 2
930 87 75 1
931 27 31 2
932 33 96 3
933 3 110 3
934 16 97 2
935 66 97 2
936 116 84 1
937 4 41 2
938 39 51 2
939 50 16 1
940 34 69 4
941 95 117 2
942 107 99 5
943 63 13 2
944 10 117 1
945 40 106 1
946 1 15 4
947 5 82 1
948 111 91 2
949 79 101 2
950 76 89 4
951 120 111 1
952 69 53 5
953 116 24 4
954 71 24 5
955 19 26 5
956 90 15 3
957 59 46 5
958 82 82 4
959 59 43 1
960 8 98 4
961 103 95 1
962 41 56 4
963 73 116 2
964 61 38 5
965 26 36 1
966 37 19 5
967 119 57 2
968 59 6 5
969 76 81 3
970 78 103 4
971 44 54 5
972 64 21 4
973 42 75 1
974 101 109 5
975 81 89 3
976 35 78 5
977 99 112 2
978 56 81 5
979 19 72 2
980 50 68 4
981 33 116 1
982 26 100 3
983 95 56 5
984 118 25 3
985 9 98 1
986 10 73 2
987 96 31 3
988 110 107 2
989 80 117 3
990 101 52 2
991 97 114 5
992 79 19 4
993 31 28 5
994 104 84 3
995 42 77 5
996 81 40 5
997 45 21 3
998 17 56 2
999 60 48 5
1000 24 55 4
1001 7 115 2
1002 103 89 2
1003 10 14 1
1004 42 86 3
1005 113 109 2
1006 14 8 2
1007 3 52 1
1008 12 71 5
1009 109 66 4
1010 55 99 5
1011 107 21 2
1012 1 109 3
1013 95 112 4
1014 11 52 3
1015 86 24 2
1016 105 35 3
1017 82 9 1
1018 48 51 1
1019 62 9 2
1020 70 18 5
1021 66 71 4
1022 27 109 5
1023 7 6 4
1024 65 117 5
1025 29 32 2
1026 14 22 5
1027 92 85 4
1028 7 108 5
1029 28 30 1
1030 83 77 4
1031 80 74 2
1032 32 78 2
1033 30 59 3
1034 27 97 4
1035 81 118 4
1036 84 92 4
1037 102 60 5
1038 60 53 2
1039 102 110 5
1040 51 119 3
1041 91 95 4
1042 24 91 2
1043 83 88 4
1044 67 74 4
1045 116 5 2
1046 10 8 1
1047 36 31 5
1048 108 63 3
1049 41 39 1
1050 107 26 2
1051 107 43 3
1052 62 16 4
1053 93 64 2
1054 48 98 4
1055 40 89 4
1056 72 51 5
1057 1 20 3
1058 72 25 2
1059 74 43 4
1060 12 1 1
1061 100 0 1
1062 14 60 1
1063 94 105 2
1064 51 31 1
1065 2 5 2
1066 98 33 4
1067 30 89 1
1068 106 116 4
1069 109 53 5
1070 65 104 4
1071 37 114 3
1072 29 101 1
1073 83 87 2
1074 75 20 4
1075 68 51 1
1076 40 68 3
1077 43 71 1
1078 67 66 3
1079 81 20 2
1080 62 84 5
1081 28 54 5
1082 62 44 5
1083 95 108 2
1084 117 35 3
1085 9 72 1
1086 84 7 4
1087 25 108 3
1088 36 41 2
1089 16 86 1
1090 11 108 2
1091 117 58 3
1092 39 40 5
1093 49 5 3
1094 96 64 2
1095 108 112 2
1096 85 41 3
1097 6 117 5
1098 12 67 2
1099 118 17 2
1100 116 58 1
1101 57 115 1
1102 24 11 1
1103 71 46 3
1104 61 37 2
1105 116 32 1
1106 26 33 4
1107 60 115 1
1108 22 67 4
1109 94 8 3
1110 88 17 5
1111 111 98 4
1112 55 21 1
1113 5 18 5
1114 89 20 1
1115 28 19 4
1116 68 52 3
1117 17 84 1
1118 18 15 3
1119 116 42 4
1120 4 61 5
1121 57 65 1
1122 96 81 2
1123 11 79 1
1124 55 35 2
1125 41 75 3
1126 18 56 4
1127 49 2 1
1128 37 70 5
1129 30 81 1
1130 20 96 2
1131 32 14 3
1132 106 87 4
1133 32 42 2
1134 107 50 4
1135 113 106 3
1136 13 12 2
1137 88 49 3
1138 31 81 2
1139 81 47 3
1140 9 66 2
1141 2 101 5
1142 7 112 1
1143 72 40 5
1144 39 29 2
1145 76 33 2
1146 81 100 5
1147 30 57 3
1148 71 100 4
1149 111 46 1
1150 101 106 1
1151 79 77 3
1152 34 108 3
1153 99 93 5
1154 91 89 3
1155 104 104 4
1156 118 83 1
1157 63 81 1
1158 117 74 5
1159 15 47 5
1160 66 64 4
1161 10 4 4
1162 107 15 4
1163 22 96 3
1164 66 106 1
1165 58 59 3
1166 116 59 5
1167 109 13 5
1168 34 47 2
1169 104 13 1
1170 14 88 4
1171 58 26 1
1172 88 92 3
1173 39 18 2
1174 95 99 4
1175 118 106 3
1176 12 26 1
1177 98 69 2
1178 110 70 4
1179 90 81 3
1180 116 85 3
1181 57 51 2
1182 97 92 1
1183 29 38 4
1184 96 52 3
1185 41 41 4
1186 106 37 1
1187 17 119 1
1188 33 72 1
1189 10 61 4
1190 11 105 5
1191 26 97 2
1192 115 13 5
1193 103 114 5
1194 103 64 5
1195 24 120 1
1196 102 44 5
1197 84 81 3
1198 26 80 1
1199 30 103 4
1200 16 36 1
1201 22 77 1
1202 0 101 3
1203 64 12 3
1204 31 74 3
1205 36 3 4
1206 43 4 5
1207 52 107 3
1208 57 81 5
1209 32 31 4
1210 19 100 1
1211 19 76 1
1212 91 92 5
1213 75 46 3
1214 54 79 3
1215 6 31 5
1216 43 113 4
1217 84 94 1
1218 19 52 2
1219 58 109 2
1220 32 28 3
1221 5 41 5
1222 107 44 2
1223 75 99 4
1224 80 39 5
1225 120 27 1
1226 26 11 1
1227 2 81 3
1228 59 96 2
1229 111 42 3
1230 87 82 4
1231 88 105 4
1232 15 120 4
1233 41 118 5
1234 14 110 2
1235 13 90 3
1236 13 53 2
1237 80 84 2
1238 69 100 2
1239 101 6 3
1240 24 12 2
1241 62 37 3
1242 91 53 1
1243 0 97 4
1244 21 114 2
1245 108 75 5
1246 15 81 5
1247 87 57 1
1248 16 59 2
1249 51 40 2
1250 54 22 4
1251 71 57 5
1252 0 20 1
1253 92 67 3
1254 13 58 2
1255 64 32 4
1256 40 55 4
1257 115 107 3
1258 115 49 3
1259 35 13 4
1260 20 45 2
1261 75 14 3
1262 31 3 2
1263 14 96 3
1264 115 15 5
1265 115 68 3
1266 73 18 2
1267 3 56 2
1268 46 77 1
1269 58 74 3
1270 49 16 4
1271 36 38 2
1272 90 101 4
1273 23 10 5
1274 119 11 5
1275 14 80 3
1276 27 15 1
1277 79 56 3
1278 57 91 2
1279 110 63 2
1280 83 32 2
1281 5 84 3
1282 93 98 2
1283 17 28 2
1284 98 24 4
1285 79 64 2
1286 35 94 2
1287 81 81 2
1288 117 71 4
1289 54 111 4
1290 48 48 5
1291 86 69 5
1292 9 115 5
1293 24 88 1
1294 110 115 1
1295 21 12 3
1296 83 120 4
1297 81 38 5
1298 39 118 2
1299 76 0 3
1300 41 53 4
1301 109 112 1
1302 83 31 1
1303 55 47 2
1304 81 64 4
1305 36 82 1
1306 54 70 3
1307 85 52 5
1308 6 60 3
1309 103 37 3
1310 63 30 3
1311 14 74 4
1312 72 43 5
1313 114 107 4
1314 25 36 5
1315 39 90 4
1316 38 58 3
1317 92 86 2
1318 114 45 4
1319 98 81 2
1320 34 81 1
1321 85 81 1
1322 46 85 4
1323 61 103 4
1324 61 119 1
1325 44 77 3
1326 78 1 2
1327 107 48 3
1328 58 115 1
1329 47 75 4
1330 96 77 1
1331 120 106 2
1332 16 58 2
1333 99 24 1
1334 54 53 4
1335 91 4 2
1336 3 8 1
1337 26 15 1
1338 70 98 2
1339 19 9 4
1340 5 43 1
1341 38 117 5
1342 0 89 2
1343 119 83 4
1344 101 38 2
1345 33 95 1
1346 100 32 1
1347 65 45 4
1348 6 104 4
1349 11 21 2
1350 6 3 1
1351 41 57 2
1352 93 96 1
1353 46 66 3
1354 104 68 5
1355 52 21 3
1356 69 104 2
1357 112 49 3
1358 104 61 5
1359 54 21 1
1360 63 4 3
1361 22 50 2
1362 67 100 4
1363 97 97 5
1364 32 104 2
1365 72 47 2
1366 116 56 2
1367 25 12 4
1368 90 28 2
1369 107 70 3
1370 34 0 2
1371 21 97 2
1372 42 6 1
1373 26 43 5
1374 97 60 5
1375 48 116 4
1376 116 107 4
1377 22 0 3
1378 74 45 3
1379 39 96 1
1380 57 93 1
1381 61 83 1
1382 8 117 3
1383 4 53 4
1384 85 109 3
1385 102 77 2
1386 12 103 5
1387 62 118 1
1388 64 90 5
1389 2 104 3
1390 116 27 3
1391 45 47 2
1392 4 8 1
1393 91 107 5
1394 42 26 4
1395 38 15 1
1396 17 52 3
1397 72 10 1
1398 69 82 4
1399 27 20 3
1400 37 75 3
1401 32 74 4
1402 118 45 5
1403 114 60 4
1404 26 18 5
1405 38 113 3
1406 72 59 3
1407 104 73 4
1408 60 3 2
1409 97 32 5
1410 57 94 3
1411 7 87 2
1412 36 45 2
1413 19 48 3
1414 36 72 3
1415 61 120 5
1416 65 56 4
1417 105 23 4
1418 88 112 2
1419 32 45 3
1420 107 87 5
1421 70 89 2
1422 52 54 3
1423 3 61 1
1424 70 41 5
1425 113 25 5
1426 2 67 1
1427 53 20 5
1428 73 92 4
1429 22 15 2
1430 59 76 1
1431 27 10 2
1432 88 31 4
1433 79 9 5
1434 110 22 3
1435 37 52 2
1436 70 3 3
1437 49 30 2
1438 106 68 4
1439 118 79 2
1440 75 28 5
1441 104 36 2
1442 31 100 3
1443 66 112 3
1444 2 83 1
1445 53 18 3
1446 105 71 2
1447 38 46 5
1448 23 38 4
1449 43 119 4
1450 82 114 1
1451 36 112 4
1452 77 88 2
1453 39 78 5
1454 49 96 2
1455 48 91 2
1456 5 114 2
1457 77 119 2
1458 85 67 2
1459 51 67 3
1460 39 28 5
1461 100 62 3
1462 76 57 3
1463 40 87 1
1464 34 95 4
1465 33 13 5
1466 111 118 4
1467 59 10 4
1468 65 109 5
1469 56 40 5
1470 39 43 4
1471 116 77 2
1472 28 26 2
1473 8 42 5
1474 55 66 5
1475 85 25 2
1476 30 82 3
1477 41 62 4
1478 5 45 2
1479 36 14 3
1480 82 112 3
1481 107 46 2
1482 92 109 3
1483 52 41 2
1484 61 8 5
1485 67 113 5
1486 107 6 1
1487 55 36 5
1488 42 100 4
1489 107 67 4
1490 80 100 3
1491 110 23 2
1492 38 5 2
1493 59 108 2
1494 95 52 4
1495 90 11 3
1496 32 3 3
1497 21 80 3
1498 77 59 3
1499 49 94 5
1500 86 45 4
1501 23 104 5
1502 94 104 3
1503 75 7 3
1504 90 118 3
1505 119 4 1
1506 84 22 1
1507 94 42 2
1508 42 114 5
1509 27 6 3
1510 50 35 4
1511 35 66 4
1512 56 36 2
1513 118 12 5
1514 30 41 5
1515 7 119 5
1516 41 103 5
1517 106 71 1
1518 46 47 5
1519 33 16 3
1520 30 60 2
1521 113 71 2
1522 8 116 3
1523 83 71 3
1524 23 32 1
1525 25 9 3
1526 63 34 2
1527 102 17 5
1528 54 94 2
1529 32 50 4
1530 54 40 1
1531 89 102 5
1532 26 70 1
1533 48 63 4
1534 91 0 5
1535 45 30 3
1536 83 5 5
1537 115 117 1
1538 26 105 1
1539 8 46 2
1540 38 60 4
1541 68 119 2
1542 8 27 4
1543 52 1 5
1544 2 80 2
1545 82 38 5
1546 68 54 5
1547 108 32 1
1548 53 79 5
1549 2 98 2
1550 68 109 1
1551 6 4 5
1552 10 49 2
1553 83 33 3
1554 42 117 4
1555 97 42 5
1556 28 87 4
1557 30 23 1
1558 48 59 5
1559 119 81 1
1560 116 115 1
1561 32 120 4
1562 19 55 1
1563 2 68 3
1564 4 22 4
1565 64 77 2
1566 109 39 4
1567 67 90 5
1568 89 41 1
1569 22 112 3
1570 29 67 2
1571 34 102 3
1572 103 44 5
1573 9 60 5
1574 113 117 1
1575 47 114 1
1576 111 62 1
1577 56 86 2
1578 119 98 1
1579 115 47 2
1580 80 23 4
1581 94 21 1
1582 94 55 2
1583 57 25 5
1584 114 69 3
1585 2 73 3
1586 30 32 3
1587 41 105 2
1588 33 69 2
1589 80 9 3
1590 95 12 2
1591 106 57 1
1592 31 41 5
1593 21 84 1
1594 42 12 1
1595 8 38 1
1596 12 87 1
1597 70 14 5
1598 115 102 4
1599 23 119 1
1600 32 61 4
1601 73 4 5
1602 45 117 3
1603 56 14 4
1604 74 79 5
1605 113 110 3
1606 46 67 1
1607 2 82 5
1608 103 26 2
1609 114 20 1
1610 98 15 4
1611 57 63 3
1612 106 74 4
1613 89 69 5
1614 97 71 5
1615 107 12 3
1616 23 36 2
1617 83 106 1
1618 11 93 2
1619 111 113 5
1620 108 71 2
1621 40 63 2
1622 6 2 2
1623 64 53 1
1624 11 84 5
1625 24 22 1
1626 60 4 2
1627 40 71 5
1628 60 94 5
1629 28 28 1
1630 58 76 1
1631 83 18 2
1632 69 94 5
1633 1 65 5
1634 71 41 4
1635 98 74 3
1636 113 79 3
1637 5 56 3
1638 93 34 5
1639 97 44 2
1640 27 92 5
1641 92 90 3
1642 64 65 3
1643 78 47 4
1644 89 101 4
1645 120 112 1
1646 52 48 1
1647 21 6 1
1648 105 117 5
1649 5 22 1
1650 107 20 3
1651 17 68 2
1652 111 101 4
1653 9 8 5
1654 60 35 1
1655 56 70 5
1656 108 104 1
1657 60 7 3
1658 101 58 3
1659 58 65 5
1660 76 103 2
1661 59 21 3
1662 9 24 4
1663 58 35 2
1664 16 105 1
1665 4 78 3
1666 12 41 3
1667 86 62 1
1668 12 47 2
1669 24 112 1
1670 32 26 2
1671 59 99 2
1672 10 56 2
1673 94 32 5
1674 19 84 5
1675 120 57 3
1676 24 41 5
1677 24 35 5
1678 47 22 4
1679 59 19 1
1680 89 39 5
1681 51 20 2
1682 15 13 3
1683 43 112 5
1684 7 117 5
1685 32 47 1
1686 107 83 5
1687 18 74 2
1688 24 61 3
1689 82 42 3
1690 72 92 2
1691 92 87 5
1692 40 25 4
1693 71 120 2
1694 86 19 1
1695 25 101 4
1696 92 28 3
1697 28 58 1
1698 113 3 3
1699 16 25 2
1700 114 90 1
1701 48 45 4
1702 36 99 2
1703 119 89 2
1704 63 45 1
1705 23 81 5
1706 62 33 3
1707 113 23 1
1708 98 31 4
1709 101 57 2
1710 57 23 5
1711 61 59 4
1712 90 93 3
1713 106 81 3
1714 69 93 4
1715 53 51 2
1716 61 23 5
1717 81 58 4
1718 87 45 1
1719 40 70 1
1720 113 69 4
1721 26 90 3
1722 42 56 3
1723 98 99 5
1724 80 43 4
1725 26 72 3
1726 20 69 1
1727 112 62 3
1728 18 69 4
1729 93 12 2
1730 33 101 3
1731 4 44 1
1732 89 32 2
1733 12 53 5
1734 95 59 3
1735 110 112 1
1736 52 27 3
1737 1 35 3
1738 13 64 4
1739 45 37 5
1740 84 65 5
1741 36 57 5
1742 108 24 5
1743 40 96 4
1744 5 110 5
1745 63 116 4
1746 91 90 1
1747 112 23 1
1748 15 83 5
1749 61 65 5
1750 65 23 1
1751 112 89 2
1752 4 59 4
1753 12 6 3
1754 37 116 1
1755 0 67 2
1756 57 64 3
1757 46 55 5
1758 85 74 2
1759 81 103 2
1760 96 35 2
1761 68 86 1
1762 83 115 4
1763 78 78 1
1764 48 32 4
1765 9 47 2
1766 40 1 2
1767 77 118 5
1768 89 29 2
1769 93 82 4
1770 2 16 5
1771 1 46 3
1772 29 3 5
1773 59 114 5
1774 22 105 3
1775 104 16 3
1776 39 77 3
1777 97 67 3
1778 34 53 3
1779 29 14 2
1780 9 9 4
1781 4 86 5
1782 66 20 3
1783 78 59 3
1784 111 4 5
1785 57 72 4
1786 119 19 3
1787 9 23 2
1788 58 31 5
1789 97 73 2
1790 54 61 3
1791 87 118 5
1792 4 117 2
1793 76 75 4
1794 68 69 5
1795 1 114 1
1796 57 53 2
1797 57 66 1
1798 27 60 1
1799 46 0 5
1800 120 10 2
1801 93 83 3
1802 35 16 4
1803 1 61 3
1804 49 69 5
1805 71 73 5
1806 14 13 2
1807 54 69 5
1808 32 52 5
1809 20 15 4
1810 107 40 2
1811 36 115 3
1812 26 111 3
1813 14 104 5
1814 108 96 1
1815 120 37 4
1816 0 117 5
1817 0 73 2
1818 82 15 2
1819 94 102 2
1820 78 95 5
1821 76 13 3
1822 18 113 5
1823 92 118 2
1824 109 117 3
1825 92 99 4
1826 84 87 5
1827 16 111 4
1828 78 10 4
1829 68 44 1
1830 27 69 1
1831 75 86 3
1832 34 52 4
1833 64 29 1
1834 58 19 1
1835 68 95 2
1836 6 61 5
1837 37 97 3
1838 34 61 3
1839 35 90 2
1840 36 107 2
1841 13 32 5
1842 68 0 1
1843 17 62 1
1844 112 34 5
1845 69 56 2
1846 93 115 5
1847 89 52 5
1848 64 20 1
1849 110 13 1
1850 11 0 5
1851 60 101 2
1852 84 106 1
1853 27 37 1
1854 36 10 5
1855 9 103 5
1856 78 98 1
1857 5 86 2
1858 33 12 4
1859 16 20 5
1860 65 29 5
1861 4 67 2
1862 51 54 5
1863 78 67 5
1864 36 36 1
1865 67 64 5
1866 39 103 5
1867 7 76 2
1868 96 53 3
1869 1 37 4
1870 74 114 3
1871 63 89 3
1872 12 72 4
1873 98 96 5
1874 30 108 1
1875 15 70 4
1876 19 64 5
1877 24 53 3
1878 75 1 1
1879 91 115 5
1880 82 32 2
1881 79 15 4
1882 8 108 2
1883 19 23 2
1884 107 63 1
1885 50 56 5
1886 47 50 2
1887 40 60 2
1888 115 98 5
1889 84 90 4
1890 73 83 1
1891 17 17 3
1892 32 18 5
1893 22 46 4
1894 90 111 3
1895 110 57 2
1896 99 96 5
1897 77 49 1
1898 57 116 2
1899 119 2 2
1900 12 27 4
1901 8 48 4
1902 17 12 2
1903 60 116 3
1904 88 88 4
1905 51 65 4
1906 67 59 3
1907 73 79 4
1908 71 68 5
1909 76 114 4
1910 89 75 1
1911 97 80 1
1912 44 85 1
1913 73 100 1
1914 44 69 2
1915 95 13 4
1916 23 27 1
1917 90 99 2
1918 78 13 5
1919 1 63 4
1920 79 83 2
1921 92 80 3
1922 56 62 4
1923 120 19 4
1924 70 108 5
1925 77 29 1
1926 41 14 2
1927 66 33 5
1928 48 44 3
1929 74 99 3
1930 28 68 3
1931 82 79 2
1932 52 26 5
1933 120 25 1
1934 13 77 2
1935 41 117 3
1936 106 45 4
1937 52 53 1
1938 74 47 4
1939 97 30 3
1940 37 49 3
1941 32 118 1
1942 96 120 1
1943 114 51 1
1944 84 79 3
1945 82 29 3
1946 97 90 2
1947 117 96 5
1948 25 59 1
1949 60 61 5
1950 60 60 5
1951 36 88 2
1952 73 15 2
1953 52 12 4
1954 100 24 5
1955 38 30 4
1956 38 2 3
1957 89 67 4
1958 111 37 1
1959 7 94 2
1960 82 26 1
1961 66 70 5
1962 39 54 1
1963 42 30 2
1964 106 75 5
1965 27 5 5
1966 90 32 5
1967 109 57 2
1968 109 116 5
1969 25 58 2
1970 87 81 5
1971 19 44 5
1972 47 47 5
1973 110 38 3
1974 108 103 3
1975 47 56 3
1976 80 87 5
1977 79 24 2
1978 103 86 4
1979 107 74 3
1980 13 88 2
1981 37 78 2
1982 99 106 2
1983 55 54 4
1984 75 120 2
1985 71 14 3
1986 7 21 4
1987 64 88 3
1988 38 16 2
1989 63 92 3
1990 30 8 1
1991 37 23 5
1992 119 42 2
1993 112 70 1
1994 101 91 4
1995 6 14 3
1996 59 12 2
1997 104 111 3
1998 37 5 5
1999 87 67 3
2000 81 110 3
2001 43 99 5
2002 30 91 4
2003 100 54 4
2004 17 51 4
2005 75 26 2
2006 117 107 4
2007 61 43 4
2008 74 61 2
2009 112 51 2
2010 110 45 5
2011 77 19 1
2012 48 10 2
2013 24 10 5
2014 64 118 1
2015 55 34 1
2016 117 60 3
2017 99 44 4
2018 28 16 4
2019 52 40 1
2020 8 35 2
2021 93 79 5
2022 50 81 3
2023 69 109 2
2024 45 26 3
2025 94 19 5
2026 65 30 2
2027 1 77 5
2028 33 44 4
2029 44 98 4
2030 38 14 2
2031 26 20 4
2032 87 93 2
2033 19 42 2
2034 23 47 1
2035 28 95 3
2036 32 88 1
2037 113 10 2
2038 24 30 4
2039 82 12 4
2040 52 45 4
2041 21 69 4
2042 11 101 1
2043 2 32 3
2044 73 41 3
2045 54 88 2
2046 80 8 3
2047 102 14 4
2048 12 31 2
2049 57 10 2
2050 2 60 4
2051 111 41 5
2052 36 66 3
2053 6 109 3
2054 74 88 4
2055 13 24 5
2056 83 3 1
2057 119 5 5
2058 37 14 5
2059 11 89 3
2060 58 69 1
2061 82 64 1
2062 72 55 1
2063 111 44 1
2064 71 95 4
2065 17 20 2
2066 70 60 4
2067 95 37 5
2068 83 108 4
2069 11 62 2
2070 77 48 3
2071 116 104 3
2072 13 114 5
2073 42 113 5
2074 57 75 3
2075 83 21 2
2076 36 43 4
2077 53 117 3
2078 34 100 3
2079 84 4 3
2080 24 102 4
2081 57 60 1
2082 54 5 2
2083 13 68 5
2084 95 111 5
2085 88 117 2
2086 80 7 1
2087 25 5 3
2088 41 21 1
2089 94 87 3
2090 42 91 4
2091 33 40 1
2092 24 82 2
2093 74 70 4
2094 109 7 2
2095 89 35 3
2096 6 66 3
2097 16 106 2
2098 66 25 3
2099 51 15 4
2100 51 51 3
2101 76 104 2
2102 101 27 4
2103 120 1 5
2104 9 35 1
2105 41 93 5
2106 53 43 2
2107 87 38 5
2108 98 117 2
2109 117 24 3
2110 113 105 1
2111 111 27 3
2112 10 114 1
2113 11 54 1
2114 14 50 5
2115 32 62 3
2116 31 94 5
2117 20 43 3
2118 19 11 3
2119 53 10 2
2120 60 69 1
2121 66 40 4
2122 24 73 3
2123 3 40 2
2124 18 67 3
2125 24 106 5
2126 112 63 4
2127 36 92 3
2128 91 1 1
2129 115 18 5
2130 54 97 4
2131 101 34 3
2132 69 62 5
2133 111 100 1
2134 3 26 1
2135 68 94 1
2136 89 86 1
2137 19 97 3
2138 40 73 1
2139 17 77 5
2140 55 38 5
2141 97 96 4
2142 59 86 2
2143 17 87 4
2144 103 51 1
2145 101 84 1
2146 1 71 1
2147 84 39 1
2148 106 92 4
2149 26 66 1
2150 109 41 2
2151 82 34 1
2152 14 42 3
2153 51 102 3
2154 93 10 4
2155 0 102 3
2156 21 104 1
2157 116 91 3
2158 66 98 5
2159 34 56 4
2160 34 62 1
2161 72 67 1
2162 60 76 2
2163 117 93 3
2164 40 111 3
2165 120 46 4
2166 59 83 1
2167 74 54 5
2168 92 95 2
2169 69 87 3
2170 76 20 1
2171 53 9 5
2172 101 97 2
2173 75 35 4
2174 99 100 2
2175 19 20 1
2176 99 32 4
2177 43 95 3
2178 65 19 3
2179 40 37 3
2180 2 15 1
2181 115 43 5
2182 51 34 5
2183 1 103 1
2184 16 0 4
2185 18 62 4
2186 38 34 4
2187 66 24 5
2188 1 23 3
2189 27 0 4
2190 89 107 4
2191 100 23 5
2192 81 44 4
2193 76 98 2
2194 70 12 5
2195 2 22 2
2196 55 91 4
2197 84 56 3
2198 72 100 5
2199 82 102 4
2200 101 78 4
2201 33 109 5
2202 40 88 5
2203 111 9 3
2204 66 27 1
2205 82 17 1
2206 18 33 2
2207 72 84 1
2208 58 77 2
2209 42 34 4
2210 69 95 2
2211 15 77 1
2212 66 65 4
2213 85 10 5
2214 43 92 3
2215 48 114 5
2216 86 63 2
2217 72 115 4
2218 38 115 4
2219 40 18 2
2220 33 103 4
2221 109 24 2
2222 10 46 2
2223 113 51 2
2224 113 33 2
2225 44 17 5
2226 33 20 2
2227 101 14 4
2228 84 113 5
2229 112 59 5
2230 118 46 5
2231 108 93 5
2232 105 109 1
2233 114 23 5
2234 31 57 4
2235 28 11 4
2236 60 73 1
2237 65 87 4
2238 84 107 3
2239 45 18 5
2240 75 77 2
2241 46 32 1
2242 65 98 5
2243 79 22 1
2244 15 71 1
2245 41 11 2
2246 16 74 5
2247 118 55 3
2248 22 93 3
2249 113 120 2
2250 39 36 4
2251 75 103 5
2252 120 119 3
2253 90 117 5
2254 76 9 5
2255 67 105 1
2256 34 120 5
2257 106 82 5
2258 70 106 4
2259 102 111 1
2260 66 111 1
2261 13 28 1
2262 97 41 5
2263 48 86 4
2264 0 21 4
2265 47 117 5
2266 84 70 5
2267 30 87 4
2268 85 90 5
2269 72 65 5
2270 6 38 5
2271 26 74 3
2272 21 95 4
2273 61 64 3
2274 47 27 4
2275 107 31 1
2276 75 49 1
2277 115 21 3
2278 70 21 3
2279 37 59 3
2280 46 25 3
2281 110 64 5
2282 52 30 5
2283 58 33 2
2284 102 1 5
2285 73 101 4
2286 88 85 5
2287 64 75 4
2288 13 116 4
2289 2 11 1
2290 17 100 2
2291 18 42 3
2292 41 119 2
2293 73 17 1
2294 105 97 5
2295 101 120 4
2296 26 21 1
2297 0 33 3
2298 85 57 2
2299 73 36 4
2300 79 110 2
2301 103 107 2
2302 91 109 3
2303 109 15 5
2304 109 16 3
2305 95 5 1
2306 48 82 4
2307 120 104 3
2308 21 51 3
2309 105 102 2
2310 98 19 2
2311 67 5 2
2312 22 13 3
2313 60 8 4
2314 47 64 5
2315 45 73 1
2316 1 79 1
2317 96 65 4
2318 19 19 2
2319 63 7 3
2320 97 79 1
2321 27 63 5
2322 7 10 4
2323 39 79 5
2324 33 42 3
2325 60 21 1
2326 51 26 3
2327 106 9 4
2328 3 48 1
2329 65 2 3
2330 42 76 4
2331 32 9 4
2332 4 9 2
2333 3 105 3
2334 24 42 3
2335 71 115 1
2336 4 108 1
2337 109 2 5
2338 42 98 4
2339 85 36 5
2340 74 75 2
2341 36 62 1
2342 23 70 5
2343 86 29 4
2344 73 30 5
2345 76 68 1
2346 33 93 3
2347 102 101 3
2348 112 10 2
2349 44 118 1
2350 48 12 2
2351 95 72 5
2352 114 75 3
2353 52 18 5
2354 95 6 2
2355 76 92 5
2356 29 37 5
2357 7 98 3
2358 71 75 5
2359 75 19 3
2360 7 30 4
2361 5 99 4
2362 49 116 4
2363 20 70 2
2364 42 59 5
2365 60 54 1
2366 77 55 4
2367 64 4 2
2368 12 120 3
2369 49 19 3
2370 23 4 4
2371 75 34 3
2372 65 107 1
2373 23 103 4
2374 83 85 5
2375 81 37 3
2376 96 111 2
2377 92 40 5
2378 26 30 4
2379 66 84 1
2380 74 9 5
2381 56 73 5
2382 81 88 3
2383 0 106 5
2384 64 80 1
2385 2 116 2
2386 80 31 3
2387 38 83 3
2388 23 72 3
2389 77 107 5
2390 94 3 2
2391 75 11 2
2392 101 43 1
2393 50 42 1
2394 65 18 1
2395 78 26 3
2396 71 37 4
2397 21 92 4
2398 83 81 3
2399 15 84 4
2400 56 102 2
2401 17 32 3
2402 60 83 1
2403 108 117 3
2404 99 58 1
2405 67 115 5
2406 75 75 1
2407 80 29 5
2408 55 3 2
2409 35 111 4
2410 45 22 4
2411 53 86 1
2412 118 61 3
2413 74 12 3
2414 107 35 4
2415 100 120 1
2416 17 120 2
2417 43 75 1
2418 108 110 5
2419 60 34 5
2420 57 24 4
2421 5 33 5
2422 58 119 5
2423 102 75 4
2424 8 71 5
2425 98 72 4
2426 7 15 1
2427 112 17 2
2428 6 103 5
2429 111 108 2
2430 42 37 1
2431 72 48 3
2432 96 95 3
2433 60 28 5
2434 78 74 3
2435 28 78 1
2436 52 94 1
2437 33 37 4
2438 109 94 4
2439 78 41 1
2440 71 55 1
2441 48 110 3
2442 65 90 2
2443 104 112 4
2444 66 86 3
2445 61 78 4
2446 85 39 3
2447 81 12 1
2448 89 24 4
2449 75 113 2
2450 86 2 2
2451 116 36 3
2452 120 11 5
2453 57 117 3
2454 51 120 1
2455 108 113 3
2456 58 10 2
2457 43 46 4
2458 103 103 3
2459 10 94 4
2460 119 78 5
2461 51 107 3
2462 62 53 4
2463 6 102 5
2464 72 90 2
2465 92 38 1
2466 120 4 2
2467 13 29 3
2468 12 44 2
2469 86 0 5
2470 82 58 4
2471 17 4 5
2472 76 44 3
2473 33 97 4
2474 117 61 3
2475 104 9 3
2476 85 31 5
2477 62 29 1
2478 59 87 2
2479 99 77 3
2480 108 72 1
2481 35 77 3
2482 39 16 2
2483 5 108 3
2484 40 35 5
2485 110 93 1
2486 43 102 4
2487 32 33 1
2488 44 20 1
2489 21 118 3
2490 39 120 3
2491 45 24 2
2492 86 11 2
2493 89 21 1
2494 58 55 4
2495 74 27 3
2496 103 115 5
2497 22 119 2
2498 95 31 2
2499 15 49 3
2500 115 64 2
2501 106 48 5
2502 1 2 5
2503 4 40 5
2504 3 27 2
2505 10 65 3
2506 26 41 2
2507 59 65 1
2508 66 73 4
2509 15 8 3
2510 86 51 4
2511 51 7 3
2512 67 60 4
2513 34 2 1
2514 60 93 5
2515 15 100 5
2516 65 9 1
2517 55 101 5
2518 55 100 5
2519 69 72 1
2520 85 21 2
2521 14 35 2
2522 91 58 5
2523 48 30 1
2524 16 78 2
2525 0 69 2
2526 9 3 4
2527 92 116 1
2528 92 3 4
2529 23 62 2
2530 86 26 1
2531 41 2 3
2532 119 32 3
2533 115 55 5
2534 39 86 1
2535 59 24 4
2536 105 56 4
2537 10 69 5
2538 28 66 2
2539 50 101 2
2540 26 49 4
2541 22 42 2
2542 108 27 5
2543 96 96 5
2544 3 115 5
2545 70 90 2
2546 108 37 5
2547 96 88 2
2548 64 49 1
2549 76 105 3
2550 19 95 1
2551 8 5 1
2552 40 69 1
2553 97 94 4
2554 120 18 2
2555 46 88 5
2556 98 21 4
2557 31 19 1
2558 17 15 3
2559 108 115 1
2560 58 0 3
2561 98 109 3
2562 49 60 5
2563 92 56 3
2564 74 55 3
2565 26 29 4
2566 20 49 3
2567 53 14 5
2568 8 100 2
2569 13 50 3
2570 10 74 5
2571 15 35 4
2572 55 103 5
2573 91 102 2
2574 83 27 5
2575 78 65 5
2576 84 0 3
2577 112 9 3
2578 96 58 1
2579 87 66 1
2580 116 26 2
2581 59 104 4
2582 75 98 2
2583 30 61 1
2584 21 108 2
2585 36 81 3
2586 38 112 1
2587 50 9 5
2588 54 0 5
2589 36 40 1
2590 43 6 3
2591 11 66 5
2592 62 94 5
2593 101 49 4
2594 63 29 5
2595 83 46 5
2596 46 34 3
2597 70 104 3
2598 101 113 2
2599 94 90 3
2600 55 61 1
2601 60 99 5
2602 40 26 3
2603 38 49 1
2604 96 68 2
2605 48 101 2
2606 45 107 5
2607 97 77 2
2608 24 43 1
2609 46 95 2
2610 57 20 4
2611 0 9 3
2612 4 66 2
2613 79 106 2
2614 110 74 3
2615 104 93 2
2616 30 75 5
2617 11 33 1
2618 73 115 3
2619 64 70 3
2620 91 56 5
2621 85 112 3
2622 72 80 2
2623 102 11 4
2624 82 27 4
2625 48 42 2
2626 31 8 1
2627 21 36 5
2628 0 13 3
2629 76 55 3
2630 15 57 1
2631 28 70 2
2632 93 55 5
2633 75 13 2
2634 41 48 3
2635 84 86 2
2636 119 25 4
2637 99 63 3
2638 71 22 1
2639 18 22 2
2640 62 116 4
2641 4 100 3
2642 92 71 5
2643 35 29 4
2644 1 69 1
2645 81 19 4
2646 33 74 4
2647 31 119 5
2648 6 29 2
2649 58 29 2
2650 98 4 1
2651 103 74 4
2652 106 86 5
2653 95 95 4
2654 99 50 2
2655 104 27 3
2656 43 14 5
2657 101 54 2
2658 109 99 2
2659 10 77 5
2660 88 67 1
2661 97 108 4
2662 0 48 5
2663 26 102 4
2664 74 66 1
2665 99 99 5
2666 38 31 3
2667 27 114 4
2668 84 76 1
2669 40 30 2
2670 26 95 3
2671 84 33 2
2672 86 109 5
2673 2 31 2
2674 63 10 3
2675 0 82 5
2676 87 61 5
2677 19 8 3
2678 37 21 2
2679 8 97 2
2680 47 60 4
2681 47 11 3
2682 99 6 2
2683 55 88 3
2684 111 86 4
2685 41 99 3
2686 73 75 5
2687 11 114 4
2688 22 87 1
2689 31 65 4
2690 49 58 5
2691 77 50 4
0 120 97
1 43 49
2 95 20
3 94 69
4 2 3
5 59 2
6 24 60
7 53 114
8 95 106
9 16 9
10 16 105
11 63 58
12 6 48
13 22 63
14 97 35
15 97 45
16 54 41
17 94 43
18 57 112
19 91 32
20 91 56
21 67 108
22 28 108
23 54 84
24 50 3
25 99 104
26 48 17
27 104 50
28 37 71
29 74 93
30 56 31
31 113 104
32 33 50
33 99 93
34 57 119
35 105 95
36 91 13
37 117 66
38 82 63
39 11 69
40 66 12
41 23 98
42 4 70
43 101 17
44 82 60
45 77 91
46 64 53
47 103 53
48 42 15
49 73 70
