157 2157 699
0 3
1 2
2 4
3 5
4 2
5 1
6 2
7 4
8 5
9 5
10 4
11 2
12 5
13 5
14 2
15 4
16 2
17 1
18 5
19 2
20 5
21 3
22 5
23 3
24 2
25 4
26 4
27 3
28 2
29 2
30 3
31 3
32 3
33 2
34 3
35 3
36 4
37 2
38 2
39 5
40 3
41 4
42 4
43 5
44 5
45 2
46 3
47 1
48 5
49 1
50 3
51 5
52 3
53 5
54 5
55 1
56 4
57 4
58 1
59 2
60 2
61 4
62 1
63 5
64 1
65 4
66 1
67 3
68 2
69 2
70 1
71 4
72 2
73 1
74 1
75 4
76 5
77 3
78 1
79 2
80 5
81 3
82 4
83 1
84 3
85 5
86 3
87 4
88 2
89 2
90 1
91 2
92 3
93 3
94 2
95 3
96 5
97 4
98 1
99 2
100 4
101 5
102 2
103 1
104 4
105 2
106 2
107 1
108 1
109 3
110 2
111 5
112 4
113 4
114 1
115 4
116 5
117 3
118 4
119 3
120 4
121 2
122 5
123 5
124 2
125 1
126 4
127 3
128 5
129 1
130 2
131 4
132 5
133 5
134 1
135 5
136 4
137 4
138 2
139 1
140 2
141 4
142 1
143 3
144 1
145 1
146 4
147 2
148 2
149 3
150 3
151 3
152 4
153 1
154 4
155 2
156 5
0 97 24 4
1 155 90 5
2 63 55 3
3 7 36 4
4 94 128 3
5 146 33 1
6 27 121 3
7 64 65 5
8 4 94 1
9 119 20 1
10 14 63 3
11 28 107 2
12 49 79 5
13 85 15 2
14 122 102 1
15 62 24 3
16 65 140 5
17 31 69 3
18 111 62 3
19 3 137 4
20 77 48 1
21 61 15 4
22 151 57 2
23 93 59 5
24 108 148 1
25 1 136 4
26 140 1 4
27 7 120 3
28 112 62 2
29 101 106 2
30 67 76 2
31 71 17 1
32 100 6 4
33 76 7 4
34 105 67 3
35 25 96 4
36 9 60 5
37 151 153 2
38 91 155 3
39 31 108 3
40 83 23 1
41 100 120 1
42 17 81 3
43 85 108 2
44 84 144 1
45 40 87 4
46 90 9 5
47 64 123 1
48 12 123 4
49 119 101 3
50 143 125 3
51 149 25 5
52 48 135 4
53 58 142 4
54 47 88 2
55 137 141 2
56 58 21 4
57 66 152 1
58 5 124 5
59 152 4 2
60 2 11 3
61 50 80 1
62 33 37 1
63 73 5 4
64 43 70 3
65 103 140 4
66 137 115 2
67 92 46 3
68 36 154 3
69 148 109 5
70 111 22 4
71 128 0 2
72 97 142 4
73 118 149 3
74 155 68 5
75 140 66 1
76 86 21 4
77 40 80 3
78 110 14 3
79 25 55 3
80 37 50 1
81 100 80 5
82 118 81 3
83 78 26 4
84 14 131 1
85 84 52 2
86 12 119 2
87 93 137 2
88 75 115 4
89 45 148 2
90 80 54 4
91 119 146 2
92 132 65 2
93 1 105 5
94 43 82 3
95 89 66 1
96 90 116 3
97 53 140 5
98 41 133 5
99 104 104 4
100 23 0 1
101 127 86 3
102 131 144 3
103 141 83 2
104 106 110 2
105 49 35 4
106 97 87 1
107 103 133 4
108 39 30 3
109 57 21 1
110 45 147 1
111 23 45 2
112 35 58 3
113 96 156 1
114 115 80 4
115 21 138 4
116 118 34 5
117 48 20 5
118 25 66 4
119 48 25 1
120 73 1 5
121 93 17 4
122 154 122 4
123 46 22 5
124 127 111 4
125 48 33 2
126 41 6 3
127 75 55 5
128 60 144 5
129 143 38 5
130 84 106 1
131 151 136 4
132 74 8 2
133 114 3 2
134 19 97 5
135 17 11 4
136 38 120 1
137 55 86 4
138 127 110 2
139 54 83 2
140 135 85 4
141 76 46 4
142 18 58 3
143 144 108 2
144 11 30 4
145 8 22 5
146 148 141 3
147 9 32 2
148 38 46 5
149 41 128 1
150 35 1 1
151 142 96 4
152 16 47 3
153 37 90 1
154 19 142 5
155 55 92 1
156 32 93 2
157 153 146 1
158 115 121 4
159 15 27 2
160 21 104 3
161 50 27 3
162 27 138 1
163 74 41 1
164 31 57 1
165 27 153 1
166 36 50 1
167 72 117 4
168 10 150 2
169 6 124 4
170 130 10 3
171 134 50 1
172 106 94 2
173 104 41 2
174 101 122 2
175 99 52 5
176 62 156 1
177 36 133 4
178 45 106 2
179 53 77 2
180 76 60 4
181 128 25 5
182 86 96 3
183 108 91 3
184 110 102 4
185 146 2 3
186 73 6 2
187 142 40 4
188 117 53 2
189 62 14 4
190 73 129 4
191 62 144 2
192 30 52 1
193 93 86 4
194 7 56 2
195 111 17 1
196 108 127 5
197 66 49 1
198 0 148 4
199 66 122 5
200 140 19 4
201 0 134 2
202 133 107 1
203 103 137 2
204 134 79 1
205 92 50 1
206 73 13 1
207 123 13 1
208 75 86 1
209 125 79 2
210 20 25 1
211 151 154 1
212 75 54 4
213 37 100 3
214 67 134 1
215 38 145 1
216 149 128 4
217 154 91 4
218 146 39 5
219 103 75 3
220 5 75 1
221 123 57 1
222 90 52 1
223 103 90 5
224 48 12 2
225 40 0 4
226 6 69 1
227 123 96 3
228 155 66 2
229 36 77 5
230 11 115 2
231 144 156 2
232 31 64 2
233 116 99 1
234 17 83 3
235 2 133 4
236 144 93 2
237 120 59 4
238 51 44 4
239 53 103 5
240 32 87 1
241 0 156 2
242 94 48 3
243 122 31 3
244 11 59 3
245 49 9 1
246 6 75 4
247 135 107 4
248 45 113 5
249 25 73 4
250 153 40 2
251 56 110 5
252 35 15 3
253 109 94 2
254 122 119 5
255 54 107 2
256 135 146 3
257 121 77 5
258 38 124 3
259 72 118 1
260 139 133 1
261 109 101 2
262 141 135 5
263 49 38 2
264 89 32 4
265 99 101 3
266 42 24 2
267 14 57 5
268 86 10 3
269 149 114 3
270 154 64 2
271 20 11 2
272 17 89 2
273 16 21 4
274 81 143 4
275 140 68 1
276 53 129 3
277 41 115 5
278 116 127 2
279 153 108 3
280 116 102 3
281 21 39 4
282 20 36 3
283 14 69 2
284 12 10 2
285 80 47 3
286 51 90 2
287 92 76 1
288 15 2 3
289 57 64 4
290 98 128 5
291 37 14 3
292 8 35 2
293 33 62 4
294 90 140 1
295 10 44 1
296 131 69 2
297 87 110 1
298 39 53 5
299 96 35 3
300 87 115 1
301 18 121 2
302 2 155 2
303 42 67 1
304 51 91 2
305 127 46 3
306 134 84 4
307 101 36 3
308 8 51 1
309 80 139 4
310 117 76 3
311 12 71 5
312 44 89 5
313 97 66 5
314 12 50 4
315 129 86 4
316 109 143 5
317 46 119 3
318 22 48 5
319 114 96 2
320 144 149 5
321 156 110 4
322 16 123 4
323 57 48 1
324 27 117 4
325 54 135 4
326 130 73 3
327 48 47 2
328 107 40 1
329 106 91 4
330 60 136 1
331 153 119 2
332 86 23 4
333 134 27 1
334 78 125 2
335 19 112 5
336 65 44 1
337 132 50 5
338 40 43 5
339 98 57 5
340 15 137 3
341 80 45 1
342 15 10 2
343 93 55 2
344 27 1 2
345 3 48 4
346 98 60 5
347 74 131 4
348 64 44 4
349 62 153 2
350 81 55 1
351 59 52 2
352 134 149 2
353 47 3 4
354 112 23 4
355 121 99 5
356 149 64 4
357 116 42 3
358 24 89 5
359 148 137 1
360 84 3 5
361 132 71 5
362 17 17 5
363 39 67 3
364 147 78 5
365 87 0 3
366 53 4 3
367 145 83 1
368 62 119 2
369 124 37 5
370 143 46 3
371 50 25 5
372 88 97 2
373 40 81 2
374 75 94 4
375 13 52 4
376 39 15 5
377 35 29 1
378 10 154 1
379 86 33 2
380 78 73 3
381 81 123 1
382 134 32 1
383 100 88 2
384 70 114 2
385 58 126 3
386 129 134 1
387 0 66 1
388 13 41 4
389 135 1 2
390 123 58 5
391 103 155 3
392 94 34 5
393 17 49 2
394 60 120 5
395 21 61 3
396 119 109 5
397 120 154 2
398 4 61 4
399 124 81 1
400 93 74 4
401 155 110 2
402 131 147 4
403 150 84 4
404 133 66 4
405 61 72 1
406 50 104 1
407 154 18 5
408 27 149 2
409 74 24 5
410 132 99 5
411 96 147 4
412 92 14 2
413 70 64 1
414 155 92 2
415 45 62 3
416 67 67 2
417 119 114 3
418 132 124 1
419 49 85 5
420 111 70 4
421 136 23 4
422 137 39 5
423 59 14 2
424 115 57 5
425 108 139 3
426 24 15 4
427 84 139 5
428 58 63 4
429 96 72 3
430 106 52 1
431 81 21 2
432 92 45 5
433 119 134 3
434 135 149 4
435 149 83 4
436 4 126 1
437 149 39 4
438 86 39 2
439 120 119 3
440 134 20 2
441 123 94 2
442 51 49 4
443 121 151 2
444 41 16 1
445 95 74 5
446 142 38 5
447 6 147 2
448 104 109 2
449 119 96 2
450 28 146 4
451 8 118 1
452 74 9 1
453 26 79 4
454 51 2 4
455 90 10 1
456 116 67 2
457 146 76 5
458 42 60 5
459 83 12 2
460 65 118 5
461 32 96 4
462 20 86 4
463 61 25 3
464 117 92 5
465 60 152 5
466 61 44 1
467 106 144 3
468 62 1 5
469 2 80 5
470 65 146 1
471 28 14 1
472 22 41 3
473 80 125 1
474 17 156 3
475 54 39 3
476 16 78 1
477 85 114 1
478 95 14 3
479 70 31 1
480 68 51 4
481 81 80 2
482 106 24 1
483 56 146 1
484 52 49 4
485 95 27 3
486 57 6 3
487 90 70 4
488 94 142 3
489 14 153 2
490 88 94 5
491 154 114 4
492 26 4 5
493 102 48 4
494 116 73 2
495 127 64 5
496 95 9 1
497 28 20 4
498 88 125 4
499 83 130 4
500 75 109 2
501 40 156 1
502 67 156 4
503 99 53 2
504 130 36 1
505 113 11 5
506 20 9 5
507 39 99 5
508 137 121 4
509 89 73 3
510 143 1 1
511 25 80 2
512 18 11 1
513 30 140 5
514 113 15 4
515 37 126 1
516 106 89 3
517 59 141 2
518 136 90 2
519 76 34 5
520 15 75 1
521 152 97 3
522 152 71 2
523 38 45 5
524 114 63 3
525 25 3 5
526 26 33 3
527 21 22 5
528 131 151 2
529 91 72 1
530 37 130 2
531 86 137 4
532 108 26 1
533 19 16 2
534 114 129 3
535 78 19 3
536 84 156 4
537 0 60 2
538 58 38 3
539 87 36 1
540 107 141 4
541 149 131 2
542 95 42 4
543 137 8 2
544 51 19 1
545 20 102 4
546 34 125 3
547 127 0 1
548 0 70 4
549 56 51 1
550 109 9 1
551 105 51 2
552 105 34 4
553 43 0 5
554 55 46 2
555 59 126 5
556 149 146 5
557 124 126 4
558 137 82 5
559 140 46 3
560 101 105 4
561 49 139 1
562 23 22 1
563 149 4 3
564 64 130 3
565 87 18 2
566 124 108 3
567 46 7 1
568 95 148 4
569 17 21 5
570 80 60 1
571 113 84 1
572 137 142 1
573 9 110 1
574 84 152 3
575 37 132 2
576 74 94 1
577 108 81 5
578 154 4 3
579 27 103 3
580 24 94 4
581 46 152 1
582 18 67 4
583 34 79 3
584 40 84 5
585 32 137 3
586 141 19 3
587 23 145 2
588 128 40 4
589 26 31 2
590 19 95 1
591 73 104 1
592 148 63 1
593 6 39 1
594 3 18 3
595 79 27 4
596 117 18 3
597 127 105 2
598 128 153 1
599 24 68 3
600 55 68 4
601 77 88 5
602 5 16 2
603 100 5 3
604 20 137 5
605 54 42 4
606 134 112 5
607 15 63 1
608 67 114 2
609 15 45 2
610 69 19 2
611 89 4 3
612 118 23 3
613 60 137 5
614 72 6 3
615 2 134 5
616 115 66 2
617 34 5 1
618 78 12 3
619 111 56 5
620 40 91 4
621 82 54 4
622 101 127 2
623 96 31 4
624 40 79 5
625 54 18 1
626 143 99 5
627 137 21 5
628 23 119 3
629 49 55 3
630 35 26 1
631 55 5 3
632 51 122 5
633 44 101 3
634 96 124 1
635 33 8 3
636 114 64 1
637 72 50 3
638 82 63 2
639 90 117 5
640 154 142 2
641 117 150 2
642 64 148 4
643 72 54 2
644 127 89 5
645 38 28 4
646 156 97 3
647 103 3 1
648 123 90 2
649 81 29 5
650 20 40 4
651 116 60 4
652 26 124 3
653 89 48 4
654 121 7 3
655 108 1 4
656 99 135 1
657 156 57 3
658 153 104 5
659 149 132 2
660 43 117 3
661 139 35 2
662 140 95 3
663 66 69 2
664 40 1 1
665 61 138 2
666 84 114 2
667 144 135 3
668 75 4 4
669 50 35 3
670 104 78 3
671 72 134 3
672 121 119 2
673 23 135 5
674 55 120 1
675 22 7 1
676 28 86 3
677 109 115 1
678 48 105 2
679 10 93 3
680 50 126 1
681 69 18 5
682 14 101 1
683 113 9 2
684 130 93 3
685 3 4 4
686 65 38 4
687 15 147 5
688 43 19 1
689 18 101 5
690 45 18 4
691 147 50 5
692 73 149 2
693 55 11 3
694 77 102 5
695 81 6 4
696 80 137 5
697 100 81 2
698 85 86 4
699 77 136 2
700 77 21 1
701 49 32 1
702 145 66 3
703 18 57 3
704 111 115 5
705 79 66 5
706 75 118 1
707 88 34 5
708 122 84 4
709 124 114 4
710 67 144 5
711 94 32 3
712 155 118 2
713 102 27 4
714 31 133 2
715 4 29 4
716 32 34 4
717 128 6 4
718 144 18 2
719 53 59 3
720 84 27 3
721 139 138 1
722 8 152 2
723 16 89 3
724 69 75 1
725 96 15 1
726 72 89 3
727 60 149 1
728 18 23 1
729 60 154 5
730 99 24 4
731 135 112 3
732 103 110 2
733 37 47 2
734 77 15 4
735 35 10 2
736 44 105 4
737 87 143 2
738 68 14 3
739 141 122 4
740 109 139 4
741 61 101 2
742 45 57 4
743 41 45 5
744 1 31 3
745 8 76 2
746 149 28 3
747 128 59 5
748 35 62 1
749 24 37 1
750 95 54 3
751 100 122 4
752 16 153 1
753 70 103 5
754 116 118 4
755 115 74 4
756 83 68 4
757 14 40 4
758 92 78 4
759 86 138 4
760 101 132 2
761 11 52 4
762 23 25 1
763 122 90 1
764 78 28 3
765 54 29 2
766 33 97 4
767 129 105 2
768 147 5 4
769 104 23 5
770 93 101 1
771 18 75 3
772 116 156 5
773 27 155 1
774 65 15 5
775 145 114 3
776 104 29 5
777 64 137 1
778 33 80 3
779 88 21 3
780 13 111 2
781 14 47 4
782 71 65 4
783 11 92 3
784 120 1 4
785 73 103 4
786 52 66 3
787 135 115 4
788 22 24 3
789 54 110 3
790 27 152 2
791 113 79 4
792 33 112 1
793 103 43 5
794 36 86 1
795 94 116 1
796 112 12 1
797 37 81 3
798 29 64 5
799 2 123 2
800 43 102 1
801 83 156 5
802 27 135 2
803 111 124 4
804 12 70 2
805 64 50 5
806 42 26 3
807 93 92 3
808 123 118 4
809 137 69 1
810 90 32 5
811 136 139 3
812 67 153 1
813 53 154 2
814 69 34 3
815 11 129 5
816 58 17 1
817 115 88 5
818 19 15 4
819 128 51 4
820 149 1 5
821 94 30 5
822 95 113 2
823 10 56 4
824 121 110 1
825 58 134 4
826 35 11 1
827 152 56 4
828 76 148 4
829 134 36 1
830 94 56 1
831 34 149 2
832 55 101 4
833 67 106 3
834 103 16 5
835 132 11 1
836 58 75 1
837 48 48 3
838 93 45 4
839 111 105 1
840 13 9 1
841 5 142 1
842 22 11 5
843 100 69 5
844 56 153 4
845 96 129 5
846 14 46 3
847 11 37 3
848 126 26 1
849 105 152 4
850 113 96 1
851 52 1 4
852 67 65 4
853 50 42 2
854 141 64 5
855 21 14 5
856 44 11 4
857 77 28 1
858 20 127 4
859 156 18 4
860 127 48 5
861 111 24 5
862 38 1 5
863 126 43 2
864 118 109 5
865 142 88 4
866 54 56 2
867 155 6 4
868 94 23 1
869 149 23 1
870 122 15 4
871 44 147 4
872 51 50 2
873 25 7 2
874 116 26 1
875 96 133 3
876 92 144 3
877 33 143 1
878 16 15 4
879 4 128 3
880 4 13 2
881 119 137 5
882 149 123 1
883 85 42 4
884 113 124 5
885 90 125 3
886 120 127 2
887 84 21 5
888 154 16 3
889 113 48 3
890 56 13 5
891 4 69 3
892 70 127 5
893 42 102 3
894 7 138 1
895 13 142 2
896 66 156 5
897 37 20 2
898 137 99 1
899 78 127 5
900 3 76 5
901 93 46 4
902 51 64 1
903 91 31 1
904 92 72 2
905 3 8 4
906 49 133 2
907 83 137 4
908 100 59 1
909 98 39 3
910 120 140 1
911 56 114 2
912 126 141 2
913 156 99 1
914 17 135 1
915 131 30 1
916 64 145 5
917 29 50 2
918 118 144 1
919 154 20 4
920 94 140 5
921 57 110 3
922 129 35 3
923 46 33 5
924 100 36 3
925 49 97 1
926 24 153 4
927 151 118 5
928 44 107 5
929 107 144 4
930 0 123 5
931 58 53 1
932 0 32 4
933 4 31 3
934 145 117 2
935 148 14 4
936 33 77 4
937 55 144 3
938 79 84 3
939 31 79 3
940 131 41 1
941 101 41 4
942 78 18 4
943 13 150 3
944 132 13 4
945 78 148 3
946 51 117 1
947 144 45 1
948 118 64 2
949 110 73 1
950 139 16 4
951 60 122 3
952 92 30 1
953 49 147 1
954 78 142 5
955 99 20 4
956 150 89 3
957 74 25 1
958 41 111 1
959 63 142 2
960 98 46 4
961 65 109 4
962 18 64 5
963 56 53 1
964 135 32 2
965 41 126 4
966 13 100 4
967 129 154 4
968 59 56 5
969 107 149 5
970 45 54 2
971 15 135 4
972 81 5 4
973 93 43 1
974 84 5 4
975 93 44 2
976 55 65 5
977 122 93 2
978 10 91 1
979 53 130 4
980 136 49 2
981 4 25 4
982 141 109 1
983 103 152 2
984 141 5 2
985 1 61 3
986 139 121 5
987 52 83 1
988 152 24 1
989 111 25 1
990 137 9 3
991 5 117 2
992 113 93 3
993 127 127 3
994 129 104 4
995 154 88 1
996 78 64 4
997 91 102 2
998 100 68 5
999 124 28 4
1000 65 26 1
1001 30 116 2
1002 67 98 5
1003 62 135 4
1004 51 102 2
1005 60 81 1
1006 150 7 5
1007 7 131 4
1008 126 137 1
1009 110 111 1
1010 23 103 2
1011 101 62 1
1012 7 10 5
1013 73 145 3
1014 13 55 3
1015 112 18 1
1016 55 153 5
1017 135 46 4
1018 144 5 3
1019 154 8 5
1020 143 79 2
1021 2 83 1
1022 152 145 3
1023 82 10 4
1024 78 49 5
1025 121 63 3
1026 63 80 1
1027 28 32 4
1028 131 1 2
1029 142 37 4
1030 60 51 1
1031 110 38 4
1032 105 18 5
1033 63 150 2
1034 43 71 3
1035 17 120 3
1036 110 70 5
1037 120 81 3
1038 87 13 4
1039 66 30 3
1040 32 68 1
1041 95 2 5
1042 50 77 5
1043 66 43 2
1044 38 98 3
1045 123 32 5
1046 79 42 1
1047 60 31 1
1048 91 139 1
1049 31 144 3
1050 3 134 5
1051 133 38 2
1052 45 20 1
1053 64 11 2
1054 148 57 4
1055 61 68 4
1056 120 91 3
1057 105 76 5
1058 82 24 3
1059 21 8 4
1060 62 125 3
1061 141 91 5
1062 105 56 1
1063 10 71 4
1064 7 97 2
1065 125 73 2
1066 64 33 5
1067 99 133 2
1068 70 7 4
1069 152 54 3
1070 89 87 4
1071 109 20 2
1072 59 152 4
1073 119 85 5
1074 130 125 5
1075 149 70 2
1076 140 145 3
1077 43 10 3
1078 148 65 3
1079 69 55 5
1080 126 119 2
1081 119 33 4
1082 143 120 4
1083 48 120 2
1084 4 116 2
1085 20 124 3
1086 156 155 4
1087 129 54 4
1088 28 96 1
1089 147 35 3
1090 31 76 5
1091 115 73 4
1092 99 153 2
1093 152 61 4
1094 13 17 3
1095 13 23 1
1096 86 120 4
1097 59 25 5
1098 37 52 3
1099 72 47 3
1100 153 68 2
1101 92 0 3
1102 101 46 4
1103 55 141 1
1104 50 109 4
1105 94 37 4
1106 153 137 5
1107 59 137 2
1108 91 150 5
1109 54 153 4
1110 32 37 3
1111 61 83 1
1112 12 102 1
1113 153 35 5
1114 136 71 4
1115 16 76 2
1116 76 108 5
1117 49 41 3
1118 139 116 4
1119 64 105 4
1120 47 148 5
1121 123 119 3
1122 101 133 3
1123 59 85 3
1124 17 51 4
1125 31 33 4
1126 46 67 5
1127 57 84 1
1128 148 29 5
1129 120 10 2
1130 57 63 5
1131 66 4 2
1132 48 95 2
1133 84 95 5
1134 17 134 5
1135 0 124 2
1136 122 69 2
1137 103 116 2
1138 32 12 1
1139 33 156 3
1140 86 115 4
1141 122 21 4
1142 43 138 2
1143 68 65 3
1144 19 108 1
1145 140 153 2
1146 118 47 5
1147 97 55 3
1148 89 109 5
1149 70 45 1
1150 147 125 3
1151 140 26 1
1152 48 81 4
1153 26 0 2
1154 62 121 1
1155 144 86 2
1156 126 20 4
1157 151 149 4
1158 31 84 5
1159 6 65 2
1160 86 18 5
1161 45 89 2
1162 27 39 1
1163 5 47 5
1164 120 47 1
1165 120 98 4
1166 51 15 3
1167 7 34 4
1168 112 48 3
1169 123 68 2
1170 7 107 5
1171 93 117 5
1172 68 70 3
1173 75 132 1
1174 27 67 2
1175 88 102 5
1176 7 86 3
1177 100 19 4
1178 118 16 5
1179 115 90 5
1180 16 74 2
1181 124 153 4
1182 83 120 4
1183 78 23 3
1184 35 123 5
1185 134 132 3
1186 39 147 1
1187 22 90 3
1188 47 117 2
1189 69 154 2
1190 137 57 4
1191 109 31 2
1192 154 117 2
1193 119 99 1
1194 33 24 3
1195 32 31 2
1196 94 45 4
1197 62 133 2
1198 141 18 4
1199 136 47 3
1200 15 1 2
1201 9 51 3
1202 66 127 4
1203 44 21 1
1204 51 23 4
1205 132 98 2
1206 142 61 1
1207 119 115 3
1208 29 153 2
1209 13 89 4
1210 27 100 3
1211 29 150 4
1212 37 35 3
1213 124 29 4
1214 8 64 4
1215 108 130 2
1216 123 17 1
1217 96 136 1
1218 41 155 5
1219 53 12 1
1220 5 134 5
1221 61 50 1
1222 60 79 4
1223 131 51 2
1224 19 46 3
1225 96 50 2
1226 4 137 3
1227 54 146 2
1228 21 19 2
1229 25 153 4
1230 154 58 5
1231 9 84 3
1232 4 43 2
1233 6 112 2
1234 141 17 3
1235 17 84 2
1236 42 29 2
1237 149 100 4
1238 14 111 2
1239 78 61 4
1240 23 20 2
1241 116 18 3
1242 134 71 4
1243 39 142 3
1244 88 141 2
1245 104 90 3
1246 106 17 2
1247 75 77 3
1248 107 70 3
1249 135 69 3
1250 39 5 1
1251 8 129 2
1252 44 144 2
1253 154 147 3
1254 1 118 5
1255 120 40 4
1256 137 77 4
1257 146 59 3
1258 78 123 1
1259 108 8 1
1260 123 18 3
1261 73 107 4
1262 3 71 5
1263 35 84 3
1264 113 109 5
1265 52 145 1
1266 126 56 4
1267 84 44 3
1268 47 76 5
1269 46 136 5
1270 12 20 3
1271 56 61 2
1272 152 11 5
1273 52 64 5
1274 83 7 4
1275 10 48 4
1276 110 139 5
1277 21 25 2
1278 104 74 5
1279 84 39 2
1280 30 82 3
1281 66 147 4
1282 39 45 3
1283 156 137 5
1284 82 147 2
1285 30 50 4
1286 91 67 5
1287 136 63 5
1288 58 45 3
1289 83 142 2
1290 149 9 4
1291 80 31 1
1292 38 149 5
1293 57 91 3
1294 21 2 3
1295 42 44 1
1296 151 141 3
1297 126 71 4
1298 103 130 2
1299 121 97 4
1300 61 131 2
1301 150 123 1
1302 69 48 4
1303 113 31 4
1304 130 153 3
1305 60 133 5
1306 25 49 2
1307 111 130 4
1308 144 42 4
1309 102 87 5
1310 2 147 1
1311 38 74 3
1312 75 22 4
1313 111 140 1
1314 87 152 2
1315 155 120 5
1316 154 123 5
1317 110 146 5
1318 115 150 1
1319 60 139 1
1320 14 118 2
1321 114 139 3
1322 141 1 4
1323 105 138 4
1324 43 35 2
1325 143 131 4
1326 121 13 4
1327 28 106 4
1328 106 129 2
1329 51 132 2
1330 45 0 3
1331 54 10 1
1332 11 142 5
1333 103 74 5
1334 108 119 2
1335 126 18 4
1336 86 9 4
1337 86 136 3
1338 135 139 2
1339 134 41 3
1340 131 81 2
1341 33 92 1
1342 95 80 2
1343 89 0 2
1344 105 149 5
1345 16 150 4
1346 148 28 2
1347 94 149 2
1348 97 101 3
1349 80 41 2
1350 31 67 2
1351 49 151 2
1352 78 83 3
1353 120 95 3
1354 1 33 5
1355 130 46 4
1356 110 76 3
1357 130 154 2
1358 37 129 5
1359 47 94 3
1360 151 98 1
1361 114 28 1
1362 128 91 4
1363 38 38 3
1364 56 60 4
1365 40 151 3
1366 153 110 4
1367 71 57 3
1368 21 48 3
1369 83 70 2
1370 124 9 3
1371 42 10 5
1372 65 0 1
1373 129 72 3
1374 140 21 2
1375 137 54 5
1376 39 78 1
1377 83 32 4
1378 105 141 5
1379 123 113 5
1380 63 21 4
1381 0 63 4
1382 106 86 5
1383 86 25 2
1384 92 22 3
1385 67 104 3
1386 135 110 1
1387 93 25 5
1388 26 117 5
1389 8 19 2
1390 147 67 1
1391 137 73 2
1392 127 143 2
1393 2 57 2
1394 142 99 2
1395 151 1 4
1396 146 7 3
1397 67 54 3
1398 89 78 4
1399 9 19 5
1400 3 26 5
1401 75 16 3
1402 30 148 2
1403 147 115 4
1404 33 19 3
1405 37 143 5
1406 130 151 3
1407 79 16 5
1408 132 130 3
1409 154 15 4
1410 4 101 5
1411 77 47 1
1412 18 63 3
1413 42 11 1
1414 0 153 5
1415 81 101 4
1416 145 17 2
1417 116 112 2
1418 32 79 2
1419 111 90 3
1420 76 128 2
1421 121 65 5
1422 64 69 4
1423 9 41 5
1424 34 111 1
1425 101 19 1
1426 105 125 1
1427 34 128 4
1428 153 11 5
1429 40 131 3
1430 3 91 3
1431 62 5 5
1432 153 5 1
1433 123 5 4
1434 78 77 3
1435 156 140 3
1436 68 107 3
1437 38 22 5
1438 95 89 3
1439 21 115 3
1440 133 93 3
1441 31 27 5
1442 59 75 3
1443 148 73 5
1444 74 51 3
1445 90 44 3
1446 31 135 1
1447 65 125 3
1448 0 42 1
1449 139 66 5
1450 126 116 2
1451 126 93 1
1452 116 21 3
1453 140 64 3
1454 44 80 2
1455 23 155 2
1456 36 113 3
1457 89 52 5
1458 65 91 3
1459 54 0 4
1460 32 111 2
1461 97 58 5
1462 47 110 2
1463 96 18 2
1464 87 60 1
1465 63 67 5
1466 130 51 1
1467 82 0 2
1468 42 18 4
1469 69 91 4
1470 131 155 3
1471 69 25 3
1472 136 33 4
1473 136 8 4
1474 35 78 5
1475 135 60 1
1476 124 76 3
1477 137 97 1
1478 33 144 3
1479 18 65 4
1480 60 6 5
1481 128 115 1
1482 46 31 2
1483 1 99 3
1484 144 132 3
1485 144 49 3
1486 52 104 1
1487 144 140 3
1488 78 1 4
1489 69 101 2
1490 121 45 5
1491 16 77 1
1492 120 117 2
1493 16 140 4
1494 148 97 4
1495 37 112 2
1496 53 144 3
1497 17 113 3
1498 135 16 2
1499 149 147 5
1500 98 90 3
1501 92 154 5
1502 26 63 5
1503 123 117 4
1504 128 137 5
1505 70 3 5
1506 56 156 1
1507 38 82 5
1508 73 97 3
1509 139 15 2
1510 19 137 3
1511 71 117 1
1512 97 111 2
1513 94 134 2
1514 98 143 5
1515 108 39 1
1516 51 41 5
1517 85 146 4
1518 3 124 3
1519 42 147 4
1520 17 80 4
1521 37 141 3
1522 67 33 3
1523 146 120 5
1524 132 111 3
1525 108 64 1
1526 154 108 1
1527 116 34 1
1528 87 5 2
1529 76 77 5
1530 94 20 4
1531 48 8 4
1532 30 147 2
1533 53 107 2
1534 33 55 4
1535 7 119 2
1536 28 22 3
1537 84 8 4
1538 27 109 3
1539 103 151 2
1540 44 26 2
1541 28 9 1
1542 111 144 3
1543 15 70 4
1544 151 102 4
1545 107 23 2
1546 15 146 2
1547 117 97 4
1548 145 21 2
1549 133 24 2
1550 148 145 1
1551 138 126 1
1552 130 18 4
1553 148 120 2
1554 28 21 5
1555 14 4 5
1556 40 125 5
1557 26 38 2
1558 24 91 4
1559 68 97 1
1560 132 117 4
1561 146 88 5
1562 148 106 5
1563 61 87 2
1564 115 103 1
1565 17 40 4
1566 105 29 1
1567 76 6 2
1568 52 72 2
1569 14 55 2
1570 66 131 4
1571 4 37 3
1572 145 95 1
1573 71 50 3
1574 120 57 3
1575 42 22 3
1576 18 150 2
1577 116 83 1
1578 111 9 1
1579 39 104 5
1580 89 93 4
1581 98 55 1
1582 137 7 2
1583 95 36 2
1584 11 95 5
1585 18 66 2
1586 73 44 5
1587 116 23 3
1588 25 98 4
1589 111 69 2
1590 34 109 4
1591 61 55 5
1592 16 132 1
1593 114 74 5
1594 101 144 3
1595 47 71 3
1596 133 47 3
1597 117 64 2
1598 116 128 5
1599 83 119 3
1600 33 65 2
1601 130 117 5
1602 84 117 5
1603 108 23 2
1604 44 127 1
1605 17 36 3
1606 100 25 1
1607 132 3 3
1608 58 31 3
1609 78 99 5
1610 101 108 4
1611 6 97 1
1612 56 1 3
1613 130 79 5
1614 11 108 2
1615 124 117 2
1616 95 4 3
1617 145 99 1
1618 11 90 5
1619 32 102 5
1620 139 79 5
1621 61 9 5
1622 129 16 3
1623 46 145 1
1624 118 134 3
1625 59 57 5
1626 112 56 3
1627 26 96 5
1628 24 25 3
1629 98 50 3
1630 131 97 4
1631 126 21 5
1632 112 153 4
1633 137 31 3
1634 18 7 3
1635 112 142 2
1636 20 132 1
1637 71 130 1
1638 134 86 5
1639 107 118 1
1640 65 134 4
1641 57 12 1
1642 25 64 4
1643 46 61 3
1644 58 71 5
1645 94 77 2
1646 12 69 4
1647 49 28 2
1648 104 121 4
1649 146 6 4
1650 68 132 3
1651 74 92 1
1652 62 123 5
1653 15 44 2
1654 13 145 5
1655 29 118 4
1656 99 55 4
1657 3 9 4
1658 148 129 4
1659 90 92 1
1660 24 132 3
1661 81 2 1
1662 58 64 2
1663 114 13 1
1664 145 69 1
1665 46 150 1
1666 113 98 3
1667 138 57 3
1668 32 76 3
1669 79 117 5
1670 135 132 5
1671 76 95 3
1672 62 71 3
1673 19 71 4
1674 85 124 4
1675 83 150 5
1676 127 134 5
1677 2 141 2
1678 102 75 2
1679 48 149 3
1680 0 132 1
1681 87 86 3
1682 41 145 3
1683 131 80 2
1684 70 39 4
1685 17 128 4
1686 124 120 4
1687 24 31 5
1688 86 109 3
1689 156 118 3
1690 79 1 5
1691 20 58 4
1692 129 113 1
1693 46 3 1
1694 137 43 4
1695 51 108 1
1696 136 89 4
1697 26 19 3
1698 82 110 2
1699 128 68 1
1700 98 122 3
1701 111 106 1
1702 20 82 1
1703 72 24 4
1704 153 102 2
1705 8 123 5
1706 68 114 4
1707 1 77 2
1708 13 18 1
1709 48 75 3
1710 80 130 4
1711 36 9 3
1712 57 81 1
1713 111 47 1
1714 46 77 2
1715 26 60 5
1716 115 19 3
1717 104 44 4
1718 41 69 5
1719 19 129 1
1720 116 93 3
1721 124 103 5
1722 87 124 4
1723 97 125 2
1724 65 128 5
1725 152 140 3
1726 107 79 1
1727 104 72 4
1728 103 122 3
1729 82 67 2
1730 8 139 4
1731 11 69 2
1732 100 20 1
1733 136 53 1
1734 110 152 3
1735 41 138 5
1736 53 62 2
1737 144 24 4
1738 142 108 1
1739 45 120 1
1740 95 72 1
1741 116 12 5
1742 148 2 3
1743 13 139 5
1744 154 82 3
1745 73 31 5
1746 135 64 1
1747 136 95 5
1748 65 106 3
1749 111 150 4
1750 120 120 2
1751 106 18 5
1752 97 118 3
1753 73 55 3
1754 108 13 5
1755 63 9 1
1756 115 144 2
1757 131 92 4
1758 58 59 4
1759 10 10 3
1760 53 122 2
1761 3 97 4
1762 93 67 4
1763 95 106 1
1764 17 15 5
1765 87 59 2
1766 137 66 5
1767 8 111 4
1768 109 68 3
1769 149 149 3
1770 102 125 4
1771 17 149 1
1772 86 77 2
1773 82 23 3
1774 82 99 3
1775 114 4 2
1776 152 121 4
1777 21 23 1
1778 155 111 1
1779 104 156 1
1780 33 22 2
1781 7 12 3
1782 76 85 4
1783 102 74 3
1784 50 150 2
1785 88 114 1
1786 26 153 3
1787 35 40 1
1788 116 14 1
1789 85 143 1
1790 7 132 4
1791 129 136 3
1792 56 144 1
1793 119 132 5
1794 63 113 4
1795 93 13 4
1796 114 95 1
1797 124 124 5
1798 80 26 2
1799 114 101 2
1800 50 81 1
1801 118 13 4
1802 135 8 4
1803 69 71 3
1804 43 151 2
1805 150 135 1
1806 21 111 1
1807 119 68 3
1808 92 97 1
1809 136 133 5
1810 114 79 1
1811 75 124 1
1812 23 41 5
1813 116 152 2
1814 114 140 3
1815 121 156 1
1816 26 55 1
1817 140 115 2
1818 100 47 5
1819 20 103 5
1820 122 106 4
1821 68 43 4
1822 58 32 4
1823 26 133 3
1824 38 102 4
1825 33 75 5
1826 154 85 1
1827 122 138 1
1828 90 134 2
1829 25 119 5
1830 52 78 5
1831 155 105 2
1832 49 2 4
1833 62 78 2
1834 39 23 4
1835 58 122 4
1836 46 95 2
1837 64 99 3
1838 98 138 5
1839 71 14 4
1840 37 6 1
1841 72 0 4
1842 58 23 3
1843 58 55 1
1844 30 128 4
1845 37 151 5
1846 119 29 5
1847 24 77 1
1848 61 63 3
1849 4 56 1
1850 138 59 4
1851 1 68 5
1852 154 143 2
1853 85 41 4
1854 63 42 5
1855 26 151 2
1856 79 48 4
1857 41 116 2
1858 108 102 1
1859 65 4 3
1860 156 22 3
1861 124 10 3
1862 16 136 2
1863 56 78 2
1864 10 37 4
1865 154 7 2
1866 39 156 4
1867 124 71 3
1868 24 116 4
1869 57 134 2
1870 2 149 4
1871 65 1 1
1872 0 49 5
1873 136 31 3
1874 43 76 4
1875 63 47 4
1876 63 151 2
1877 117 13 1
1878 51 52 5
1879 52 0 5
1880 116 25 2
1881 124 21 4
1882 14 80 3
1883 49 109 1
1884 141 84 2
1885 154 32 1
1886 65 69 5
1887 101 37 2
1888 91 0 1
1889 148 5 1
1890 29 152 1
1891 65 99 4
1892 36 71 3
1893 118 89 1
1894 3 98 2
1895 103 86 5
1896 13 61 1
1897 16 48 3
1898 67 41 1
1899 155 82 1
1900 139 76 2
1901 149 86 3
1902 108 97 5
1903 99 100 1
1904 138 109 4
1905 47 124 1
1906 8 61 5
1907 2 48 1
1908 71 121 4
1909 104 79 2
1910 125 28 1
1911 124 32 4
1912 101 155 5
1913 53 0 5
1914 50 106 5
1915 42 70 2
1916 153 70 5
1917 16 134 2
1918 94 86 2
1919 116 142 5
1920 1 127 3
1921 11 19 2
1922 43 140 1
1923 28 75 2
1924 4 140 3
1925 96 78 3
1926 103 54 3
1927 106 34 3
1928 100 142 3
1929 112 115 4
1930 22 44 2
1931 67 30 2
1932 48 55 5
1933 3 17 5
1934 79 138 1
1935 47 52 4
1936 22 148 5
1937 59 1 5
1938 136 84 4
1939 26 89 1
1940 102 109 4
1941 95 16 2
1942 60 141 2
1943 106 46 5
1944 119 78 4
1945 92 101 1
1946 16 10 2
1947 68 152 2
1948 20 32 1
1949 97 75 5
1950 103 69 5
1951 49 53 1
1952 93 145 4
1953 59 51 3
1954 150 82 5
1955 98 108 4
1956 15 22 5
1957 56 52 2
1958 121 106 2
1959 115 91 4
1960 84 98 3
1961 82 86 5
1962 62 142 2
1963 46 105 2
1964 78 51 2
1965 38 67 5
1966 121 86 1
1967 104 103 3
1968 131 35 4
1969 1 44 1
1970 85 57 3
1971 102 127 1
1972 76 106 4
1973 13 49 4
1974 106 118 4
1975 70 19 1
1976 156 106 2
1977 16 131 2
1978 63 133 1
1979 126 120 3
1980 112 137 2
1981 95 127 5
1982 47 130 3
1983 36 70 1
1984 137 114 4
1985 57 101 5
1986 137 41 3
1987 87 52 2
1988 19 127 3
1989 77 0 3
1990 103 38 5
1991 112 150 1
1992 83 48 3
1993 138 95 4
1994 81 132 4
1995 88 96 5
1996 88 52 4
1997 141 4 5
1998 116 137 4
1999 8 77 4
2000 52 102 5
2001 35 53 5
2002 13 19 3
2003 13 79 2
2004 123 131 2
2005 48 74 2
2006 78 120 5
2007 23 16 1
2008 90 85 4
2009 115 134 2
2010 117 139 1
2011 71 72 4
2012 48 110 1
2013 155 47 5
2014 121 35 5
2015 145 154 2
2016 128 61 2
2017 72 103 1
2018 94 8 1
2019 136 69 4
2020 62 118 3
2021 85 110 1
2022 73 37 2
2023 129 24 1
2024 77 126 5
2025 156 156 2
2026 133 21 1
2027 57 150 4
2028 43 60 4
2029 117 142 4
2030 133 6 3
2031 102 143 3
2032 90 94 4
2033 1 119 3
2034 140 139 3
2035 107 76 1
2036 108 103 3
2037 127 55 3
2038 117 127 3
2039 26 9 2
2040 109 125 1
2041 67 49 3
2042 35 128 3
2043 33 152 1
2044 91 18 1
2045 117 48 2
2046 40 92 1
2047 16 61 1
2048 99 150 2
2049 144 117 4
2050 137 34 5
2051 129 109 1
2052 103 71 3
2053 87 74 4
2054 58 77 2
2055 73 150 2
2056 84 105 1
2057 17 88 2
2058 149 95 3
2059 47 125 4
2060 130 25 4
2061 53 104 1
2062 141 16 4
2063 67 90 3
2064 73 117 5
2065 103 30 5
2066 21 38 2
2067 107 92 5
2068 122 16 3
2069 117 91 4
2070 38 122 4
2071 101 65 4
2072 146 60 3
2073 97 15 3
2074 138 12 4
2075 17 146 3
2076 136 124 1
2077 147 48 1
2078 154 72 2
2079 0 1 2
2080 156 80 2
2081 68 90 5
2082 71 51 5
2083 149 154 2
2084 52 12 3
2085 34 101 1
2086 105 130 3
2087 81 136 2
2088 24 120 5
2089 132 66 1
2090 131 63 4
2091 21 1 4
2092 24 64 1
2093 1 16 5
2094 61 106 1
2095 91 30 3
2096 54 106 2
2097 87 38 5
2098 72 3 5
2099 34 153 4
2100 4 145 3
2101 108 70 5
2102 105 16 4
2103 92 135 3
2104 86 146 1
2105 22 129 2
2106 135 88 3
2107 29 79 3
2108 37 19 5
2109 93 24 3
2110 114 19 1
2111 98 100 1
2112 102 148 1
2113 64 87 2
2114 96 24 2
2115 20 38 3
2116 131 124 5
2117 155 25 5
2118 14 120 3
2119 139 43 3
2120 114 61 1
2121 143 30 2
2122 140 142 4
2123 152 20 5
2124 76 83 5
2125 20 135 1
2126 63 146 2
2127 81 142 4
2128 40 100 1
2129 57 70 3
2130 92 17 2
2131 49 10 1
2132 65 20 3
2133 3 66 2
2134 33 12 3
2135 62 2 3
2136 53 8 3
2137 48 97 4
2138 91 33 5
2139 17 117 1
2140 137 124 3
2141 84 22 3
2142 32 115 2
2143 98 82 3
2144 84 104 4
2145 84 143 3
2146 142 79 4
2147 14 98 5
2148 60 103 3
2149 133 76 1
2150 44 123 3
2151 153 150 1
2152 22 6 2
2153 50 62 1
2154 115 25 4
2155 96 41 3
2156 25 44 2
0 118 98
1 37 77
2 69 55
3 60 147
4 132 70
5 1 124
6 77 73
7 64 100
8 68 147
9 149 2
10 34 37
11 8 150
12 58 91
13 50 58
14 39 31
15 69 122
16 95 89
17 2 36
18 24 60
19 0 59
20 5 123
21 76 65
22 143 56
23 62 12
24 44 131
25 48 14
26 126 150
27 15 60
28 0 132
29 64 105
30 71 80
31 154 120
32 132 153
33 20 81
34 85 141
35 51 134
36 97 126
37 129 80
38 27 98
39 99 61
40 27 14
41 12 3
42 20 0
43 80 34
44 122 55
45 76 55
46 2 104
47 100 137
48 55 131
49 156 129
50 152 4
51 87 131
52 4 77
53 152 111
54 72 55
55 35 89
56 88 104
57 139 88
58 77 96
59 48 133
60 87 124
61 99 72
62 105 142
63 32 20
64 83 2
65 131 44
66 70 63
67 150 98
68 0 57
69 1 152
70 75 120
71 61 72
72 148 76
73 150 85
74 18 134
75 72 49
76 7 153
77 13 60
78 145 14
79 34 56
80 92 98
81 86 73
82 140 1
83 56 112
84 113 67
85 74 119
86 103 152
87 41 94
88 103 42
89 35 84
90 12 91
91 79 46
92 18 83
93 12 36
94 73 95
95 12 108
96 63 77
97 104 48
98 93 13
99 85 73
100 72 127
101 107 65
102 115 141
103 84 112
104 156 53
105 89 144
106 151 26
107 155 88
108 115 131
109 83 54
110 151 132
111 133 148
112 127 118
113 117 144
114 114 24
115 12 43
116 128 103
117 49 53
118 12 108
119 136 73
120 45 144
121 45 26
122 72 101
123 61 14
124 92 126
125 108 132
126 154 39
127 42 85
128 136 117
129 132 82
130 76 134
131 81 65
132 142 59
133 57 100
134 8 64
135 140 114
136 125 147
137 156 20
138 131 26
139 88 17
140 67 113
141 22 6
142 14 127
143 107 98
144 22 85
145 121 127
146 112 37
147 57 23
148 6 65
149 147 121
150 33 129
151 10 41
152 103 0
153 98 128
154 40 79
155 0 77
156 126 77
157 127 28
158 145 49
159 135 30
160 118 149
161 48 0
162 149 116
163 133 93
164 28 77
165 34 107
166 38 154
167 7 128
168 54 136
169 13 22
170 86 138
171 126 119
172 30 118
173 38 85
174 84 126
175 12 15
176 112 99
177 11 28
178 13 73
179 44 55
180 16 52
181 104 4
182 126 134
183 122 17
184 143 154
185 79 55
186 137 60
187 87 55
188 154 84
189 6 31
190 5 144
191 105 39
192 150 143
193 37 48
194 9 153
195 57 12
196 117 155
197 109 46
198 72 68
199 144 40
200 137 131
201 73 20
202 44 135
203 26 85
204 121 87
205 89 23
206 75 57
207 51 77
208 90 73
209 90 23
210 16 99
211 23 117
212 33 74
213 67 116
214 90 26
215 92 37
216 102 56
217 77 108
218 40 20
219 47 36
220 142 143
221 21 155
222 43 47
223 62 1
224 63 132
225 142 8
226 53 125
227 129 40
228 142 55
229 51 67
230 58 155
231 145 55
232 140 52
233 133 62
234 1 121
235 140 95
236 28 97
237 28 94
238 10 58
239 115 156
240 3 122
241 59 69
242 84 76
243 53 52
244 63 152
245 56 106
246 2 45
247 142 109
248 145 16
249 63 16
250 125 124
251 41 76
252 121 84
253 0 103
254 64 4
255 128 137
256 87 60
257 3 120
258 151 100
259 70 64
260 8 67
261 12 110
262 90 136
263 73 129
264 142 97
265 5 14
266 98 33
267 56 122
268 37 100
269 84 156
270 132 56
271 91 133
272 114 94
273 16 124
274 46 61
275 0 86
276 69 40
277 148 54
278 81 30
279 148 152
280 84 96
281 76 129
282 91 149
283 33 5
284 24 25
285 29 19
286 52 129
287 144 133
288 35 66
289 45 79
290 153 13
291 120 33
292 64 56
293 149 92
294 40 97
295 82 61
296 143 73
297 103 4
298 11 99
299 48 142
300 145 95
301 135 5
302 144 40
303 108 130
304 100 123
305 80 128
306 153 37
307 47 57
308 79 59
309 45 26
310 148 44
311 67 3
312 23 130
313 36 100
314 57 3
315 6 101
316 104 142
317 15 113
318 126 147
319 11 57
320 134 25
321 72 11
322 117 139
323 23 42
324 146 53
325 94 90
326 149 43
327 29 32
328 155 53
329 137 58
330 77 10
331 62 119
332 56 38
333 30 120
334 17 41
335 9 56
336 57 70
337 86 117
338 97 101
339 34 92
340 110 78
341 77 150
342 79 25
343 22 65
344 25 2
345 55 34
346 119 1
347 0 2
348 23 72
349 69 81
350 80 50
351 36 83
352 73 10
353 93 13
354 100 37
355 98 27
356 32 141
357 26 134
358 40 135
359 60 102
360 21 20
361 111 109
362 82 74
363 149 50
364 52 124
365 22 94
366 9 44
367 64 89
368 129 125
369 146 120
370 5 122
371 57 19
372 137 23
373 94 111
374 46 149
375 106 101
376 63 30
377 110 36
378 142 140
379 66 117
380 0 116
381 53 63
382 68 1
383 5 145
384 70 8
385 109 113
386 83 128
387 83 128
388 100 91
389 34 55
390 84 41
391 103 70
392 18 54
393 118 72
394 96 13
395 154 18
396 31 131
397 78 134
398 145 124
399 141 2
400 151 131
401 141 1
402 87 73
403 19 118
404 33 97
405 72 84
406 109 115
407 31 101
408 18 107
409 63 82
410 92 71
411 115 107
412 2 140
413 33 84
414 12 118
415 82 6
416 131 26
417 34 42
418 75 108
419 82 44
420 106 107
421 70 131
422 38 52
423 53 129
424 61 85
425 32 141
426 121 93
427 87 84
428 150 105
429 73 45
430 100 137
431 52 71
432 57 145
433 117 116
434 129 137
435 150 52
436 47 132
437 41 134
438 82 90
439 45 53
440 80 131
441 55 4
442 120 24
443 125 59
444 33 57
445 154 59
446 127 123
447 25 18
448 135 71
449 15 42
450 1 134
451 44 78
452 14 35
453 78 67
454 65 131
455 96 39
456 66 78
457 83 52
458 44 80
459 114 85
460 139 131
461 97 99
462 123 49
463 104 80
464 9 19
465 7 97
466 90 44
467 94 145
468 145 77
469 59 93
470 54 114
471 137 36
472 88 80
473 26 74
474 135 116
475 47 67
476 43 46
477 8 93
478 114 25
479 106 96
480 91 20
481 114 83
482 72 49
483 154 64
484 111 33
485 10 44
486 136 46
487 68 74
488 13 10
489 112 35
490 115 146
491 1 91
492 149 71
493 31 65
494 4 64
495 104 5
496 103 97
497 11 152
498 69 59
499 26 139
500 150 83
501 41 71
502 117 8
503 127 138
504 131 45
505 68 76
506 36 2
507 149 126
508 40 146
509 30 54
510 129 6
511 104 148
512 7 100
513 139 141
514 145 0
515 68 63
516 84 103
517 22 63
518 118 104
519 103 24
520 119 26
521 70 125
522 132 31
523 42 89
524 132 48
525 110 41
526 15 107
527 129 22
528 145 132
529 63 59
530 61 68
531 32 47
532 115 5
533 79 54
534 52 70
535 136 83
536 52 81
537 40 44
538 7 92
539 56 59
540 12 68
541 139 10
542 134 73
543 64 50
544 28 6
545 122 46
546 130 140
547 123 31
548 76 16
549 1 87
550 114 154
551 100 48
552 75 36
553 24 13
554 6 127
555 71 89
556 122 141
557 58 125
558 91 121
559 89 119
560 33 154
561 26 23
562 1 124
563 31 70
564 154 85
565 100 23
566 68 23
567 14 27
568 150 54
569 77 46
570 50 46
571 72 103
572 100 86
573 91 116
574 135 72
575 3 128
576 88 102
577 43 80
578 40 58
579 122 123
580 43 31
581 100 132
582 130 123
583 7 93
584 69 71
585 56 72
586 111 2
587 74 106
588 139 42
589 52 87
590 18 112
591 115 84
592 98 130
593 139 91
594 114 96
595 119 150
596 19 9
597 107 63
598 88 132
599 119 26
600 68 128
601 64 148
602 51 106
603 120 87
604 41 107
605 9 55
606 13 20
607 103 25
608 26 137
609 140 49
610 117 151
611 15 146
612 101 151
613 12 30
614 96 86
615 1 35
616 19 151
617 25 99
618 46 8
619 36 25
620 35 70
621 55 77
622 143 153
623 120 114
624 134 140
625 116 84
626 62 91
627 63 84
628 88 103
629 9 21
630 106 26
631 22 52
632 121 76
633 150 51
634 148 89
635 100 65
636 5 41
637 105 71
638 93 83
639 74 118
640 20 137
641 74 134
642 68 12
643 119 149
644 122 106
645 3 136
646 120 115
647 110 123
648 89 75
649 14 92
650 79 34
651 111 12
652 8 86
653 62 106
654 6 103
655 153 78
656 14 118
657 21 24
658 72 57
659 131 43
660 45 125
661 152 121
662 106 109
663 44 101
664 103 77
665 107 45
666 2 41
667 91 53
668 37 11
669 17 153
670 29 55
671 61 153
672 42 85
673 128 35
674 66 90
675 98 108
676 98 155
677 93 127
678 70 77
679 70 152
680 24 87
681 126 10
682 97 37
683 21 39
684 133 3
685 37 135
686 94 61
687 81 1
688 92 144
689 31 80
690 70 139
691 31 155
692 16 88
693 102 47
694 1 7
695 88 16
696 38 3
697 105 20
698 126 118
