207
2 69 55 
4 132 3 70 
8 68 65 67 147 
9 149 2 
13 50 71 58 
15 69 122 
16 95 89 
17 2 95 36 
20 5 123 
22 143 1 56 
23 62 112 12 
24 44 51 131 
26 126 18 150 
28 0 132 
29 64 105 
31 154 120 
34 85 154 18 141 
35 51 41 134 
37 129 54 80 
38 27 138 98 
40 27 109 118 14 
43 80 137 34 
50 152 4 
51 87 97 131 
53 152 105 111 
57 139 121 97 88 
58 77 24 96 
60 87 124 
63 32 20 
64 83 2 
71 61 72 
72 148 76 
73 150 135 85 
75 72 0 49 
79 34 94 56 
82 140 1 
83 56 112 
86 103 152 
89 35 84 
93 12 7 36 
96 63 136 77 
98 93 13 
104 156 104 53 
106 151 26 
110 151 136 16 132 
113 117 144 
115 12 71 43 
117 49 53 
124 92 50 126 
125 108 101 132 
127 42 85 
135 140 114 
136 125 147 
139 88 17 
141 22 6 
146 112 37 
148 6 65 
153 98 128 
154 40 79 
155 0 77 
156 126 77 
157 127 20 28 
160 118 149 
163 133 93 
164 28 77 
165 34 118 107 
169 13 41 22 
170 86 138 
171 126 119 
176 112 135 99 
178 13 73 
184 143 154 
186 137 60 
192 150 46 143 
195 57 12 
203 26 42 85 
213 67 116 
218 40 20 
223 62 1 
224 63 133 101 132 
225 142 116 156 33 8 
226 53 130 125 
232 140 152 87 52 
235 140 95 
244 63 113 84 152 
246 2 57 45 
255 128 137 
256 87 60 
258 151 40 100 
261 12 57 110 
262 90 136 
264 142 97 
268 37 100 
269 84 156 
271 91 31 133 
274 46 61 
278 81 131 30 
284 24 25 
288 35 43 66 
295 82 63 61 
296 143 127 117 73 
300 145 95 
303 108 130 
305 80 25 128 
313 36 100 
317 15 113 
318 126 4 149 147 
322 117 139 
323 23 22 42 
324 146 59 53 
327 29 124 32 
330 77 86 10 
335 9 111 56 
336 57 70 
337 86 120 117 
338 97 101 
350 80 50 
351 36 7 83 
353 93 13 
356 32 137 141 
361 111 115 109 
362 82 38 74 
366 9 26 44 
369 146 120 
375 106 101 
383 5 148 145 
385 109 113 
388 100 69 91 
392 18 54 
393 118 72 
395 154 18 
399 141 2 
400 151 131 
404 33 97 
406 109 115 
409 63 82 
415 82 155 6 
419 82 10 44 
423 53 129 
424 61 15 85 
425 32 9 19 141 
437 41 134 
439 45 39 53 
440 80 131 
442 120 24 
452 14 92 11 35 
453 78 104 67 
455 96 15 39 
458 44 80 
459 114 85 
464 9 19 
465 7 97 
472 88 115 80 
474 135 20 65 128 116 
477 8 123 13 93 
479 106 156 96 
485 10 44 
486 136 46 
489 112 37 35 
497 11 152 
505 68 128 76 
506 36 133 2 
508 40 120 146 
509 30 39 54 
516 84 122 103 
523 42 44 89 
530 61 68 
533 79 113 96 119 146 54 
539 56 59 
544 28 22 6 
548 76 16 
556 122 141 
561 26 116 23 
564 154 85 
565 100 25 23 
576 88 102 
577 43 60 80 
579 122 154 123 
580 43 76 31 
581 100 13 132 
585 56 61 72 
586 111 21 2 
589 52 87 
590 18 112 
596 19 9 
600 68 128 
602 51 122 106 
611 15 146 
613 12 52 30 
614 96 86 
618 46 3 8 
640 20 137 
644 122 106 
647 110 76 8 123 
648 89 48 75 
649 14 92 
650 79 34 
656 14 118 
661 152 121 
663 44 101 
670 29 81 55 
672 42 85 
673 128 35 
681 126 93 10 
683 21 39 
689 31 80 
693 102 48 47 
