121 2599 369
0 5
1 5
2 2
3 3
4 5
5 5
6 4
7 5
8 4
9 5
10 3
11 2
12 5
13 4
14 5
15 2
16 4
17 2
18 4
19 4
20 1
21 1
22 4
23 5
24 4
25 2
26 5
27 5
28 4
29 2
30 3
31 3
32 4
33 4
34 2
35 5
36 1
37 5
38 3
39 3
40 1
41 3
42 3
43 5
44 3
45 5
46 2
47 5
48 4
49 4
50 5
51 3
52 5
53 4
54 2
55 1
56 4
57 5
58 3
59 2
60 3
61 3
62 4
63 2
64 3
65 4
66 4
67 1
68 1
69 2
70 4
71 1
72 2
73 3
74 2
75 3
76 2
77 3
78 5
79 4
80 1
81 5
82 3
83 5
84 4
85 1
86 5
87 2
88 3
89 4
90 4
91 2
92 3
93 4
94 2
95 4
96 4
97 2
98 4
99 5
100 1
101 5
102 4
103 2
104 3
105 1
106 1
107 2
108 3
109 1
110 2
111 4
112 3
113 4
114 1
115 2
116 1
117 5
118 2
119 2
120 1
0 46 58 1
1 99 49 1
2 96 1 3
3 110 15 3
4 114 100 4
5 118 88 1
6 84 110 2
7 50 69 4
8 77 83 3
9 80 86 1
10 10 49 5
11 81 75 5
12 117 4 2
13 85 67 2
14 72 51 3
15 103 10 4
16 29 51 3
17 120 110 5
18 81 102 1
19 105 109 2
20 17 84 1
21 34 5 4
22 37 20 4
23 55 4 2
24 35 76 1
25 60 42 1
26 59 67 1
27 67 26 4
28 95 56 1
29 104 114 1
30 11 100 4
31 74 86 4
32 95 94 1
33 31 10 2
34 20 28 5
35 97 116 3
36 109 75 4
37 112 28 4
38 8 115 4
39 109 54 2
40 87 97 5
41 68 85 2
42 0 39 2
43 99 58 3
44 51 87 5
45 83 32 5
46 12 96 5
47 5 80 3
48 68 5 2
49 74 69 5
50 86 88 4
51 33 60 2
52 8 43 1
53 59 15 5
54 97 0 1
55 102 41 4
56 35 50 2
57 10 23 3
58 70 14 4
59 44 83 1
60 100 111 5
61 47 108 4
62 15 92 3
63 61 107 2
64 109 62 5
65 64 16 5
66 88 51 2
67 46 40 1
68 44 16 4
69 112 22 1
70 92 31 3
71 105 43 2
72 110 46 5
73 86 108 4
74 50 109 3
75 102 80 4
76 31 106 3
77 80 31 1
78 84 107 5
79 46 13 4
80 42 73 1
81 67 54 2
82 101 105 5
83 21 98 4
84 46 109 2
85 39 104 2
86 41 32 1
87 101 77 2
88 106 119 2
89 14 18 3
90 25 50 1
91 84 33 5
92 7 42 5
93 4 51 5
94 21 4 1
95 64 25 5
96 110 66 2
97 82 27 1
98 14 48 3
99 79 93 1
100 89 120 3
101 0 19 3
102 2 3 4
103 100 80 2
104 100 33 5
105 113 25 3
106 14 87 3
107 49 59 1
108 52 84 2
109 111 65 3
110 92 105 2
111 86 11 4
112 112 107 1
113 120 102 2
114 71 63 4
115 77 120 3
116 102 92 4
117 92 75 2
118 4 109 4
119 29 66 5
120 84 86 2
121 77 47 1
122 11 96 1
123 23 60 2
124 38 22 5
125 29 62 3
126 29 112 4
127 69 7 5
128 12 60 5
129 50 89 4
130 53 78 5
131 107 97 4
132 79 40 1
133 21 44 4
134 71 120 2
135 30 15 5
136 16 82 1
137 72 29 1
138 40 95 1
139 120 100 5
140 58 96 4
141 44 3 2
142 78 87 3
143 62 30 1
144 96 114 2
145 44 34 3
146 48 59 3
147 13 33 2
148 36 97 2
149 75 96 5
150 91 19 1
151 72 16 4
152 82 76 5
153 4 33 5
154 120 39 1
155 52 120 3
156 105 66 2
157 80 23 4
158 71 29 1
159 54 53 2
160 33 18 1
161 50 20 4
162 25 90 4
163 100 27 4
164 47 39 5
165 117 34 4
166 57 30 5
167 88 73 5
168 78 31 1
169 83 104 5
170 14 1 2
171 106 89 2
172 101 101 1
173 34 26 1
174 82 88 3
175 1 105 2
176 119 46 3
177 83 45 1
178 104 106 3
179 110 55 4
180 2 106 3
181 82 17 1
182 7 8 2
183 82 60 4
184 92 27 3
185 1 55 3
186 50 104 2
187 4 74 3
188 101 3 5
189 79 0 3
190 105 89 1
191 100 102 3
192 36 86 3
193 16 16 1
194 72 0 2
195 61 39 5
196 60 105 2
197 74 93 5
198 30 20 2
199 74 65 5
200 37 9 2
201 43 18 5
202 6 107 3
203 87 81 4
204 43 15 4
205 96 91 3
206 109 103 4
207 107 76 1
208 45 100 3
209 31 42 1
210 117 79 1
211 10 106 1
212 89 47 3
213 54 99 3
214 16 57 5
215 20 112 3
216 105 37 5
217 67 22 4
218 120 73 1
219 85 34 2
220 25 81 3
221 91 76 2
222 100 32 3
223 78 38 4
224 64 84 5
225 8 109 5
226 50 43 1
227 65 44 4
228 38 60 1
229 26 7 4
230 27 22 4
231 90 80 4
232 88 109 4
233 33 57 3
234 73 111 4
235 86 37 3
236 28 9 2
237 101 28 2
238 60 36 4
239 58 89 4
240 120 17 3
241 23 97 1
242 17 106 2
243 56 73 4
244 85 59 1
245 6 76 2
246 99 80 5
247 71 91 5
248 58 64 4
249 66 7 1
250 51 15 5
251 40 115 3
252 4 38 4
253 105 96 5
254 70 90 2
255 104 104 4
256 11 56 1
257 74 110 1
258 113 11 3
259 7 56 2
260 67 66 2
261 111 6 4
262 40 96 2
263 7 31 5
264 68 19 2
265 11 40 1
266 87 88 4
267 89 28 3
268 119 95 2
269 54 6 5
270 14 78 4
271 41 108 5
272 56 106 1
273 59 84 3
274 54 107 4
275 74 83 1
276 28 35 1
277 20 13 4
278 37 82 5
279 88 23 2
280 34 1 2
281 105 95 5
282 4 102 1
283 105 63 3
284 31 41 1
285 101 68 5
286 5 8 1
287 49 47 5
288 88 66 2
289 118 103 5
290 110 108 2
291 83 113 5
292 13 81 2
293 112 92 3
294 1 25 3
295 91 81 1
296 66 93 1
297 50 0 2
298 75 66 5
299 45 20 4
300 78 25 4
301 85 111 1
302 41 119 3
303 77 22 3
304 84 58 3
305 36 54 1
306 53 63 3
307 64 99 4
308 48 86 3
309 101 1 3
310 6 28 1
311 52 107 2
312 76 52 5
313 109 112 2
314 22 24 5
315 26 14 2
316 33 46 3
317 57 43 1
318 109 92 3
319 115 42 2
320 110 96 1
321 53 103 1
322 33 21 5
323 18 78 3
324 88 58 2
325 37 51 1
326 117 98 4
327 37 73 5
328 89 81 2
329 5 39 3
330 29 39 1
331 19 65 3
332 59 50 3
333 4 77 1
334 32 71 1
335 99 19 2
336 105 24 4
337 75 2 3
338 11 64 2
339 22 101 4
340 12 26 2
341 71 18 5
342 103 18 4
343 73 72 5
344 74 101 2
345 4 39 4
346 37 46 5
347 3 69 3
348 32 103 5
349 27 104 2
350 76 34 5
351 11 19 2
352 46 78 3
353 120 36 5
354 65 7 1
355 70 54 1
356 112 47 3
357 77 86 5
358 72 13 3
359 71 42 3
360 49 37 4
361 115 17 1
362 49 116 1
363 86 3 4
364 94 59 5
365 109 95 2
366 36 94 2
367 110 100 5
368 79 96 5
369 90 120 5
370 52 9 1
371 116 62 3
372 27 43 2
373 70 102 1
374 41 93 3
375 5 61 4
376 3 28 2
377 67 25 5
378 34 68 5
379 111 35 2
380 118 106 5
381 24 2 5
382 59 22 1
383 102 1 1
384 55 45 2
385 66 8 2
386 57 112 5
387 73 103 3
388 57 9 1
389 52 111 2
390 20 90 5
391 17 113 1
392 3 56 5
393 43 45 4
394 82 110 2
395 92 57 3
396 73 69 5
397 21 58 3
398 95 61 4
399 25 119 2
400 44 77 3
401 73 1 2
402 99 79 4
403 2 46 3
404 87 20 2
405 55 7 2
406 38 113 1
407 72 4 4
408 104 66 3
409 73 48 2
410 30 18 4
411 93 36 1
412 49 52 5
413 15 41 3
414 84 51 3
415 23 54 2
416 36 41 4
417 3 78 3
418 31 99 3
419 90 67 5
420 49 12 3
421 45 79 5
422 117 41 3
423 3 51 4
424 94 87 5
425 42 17 3
426 50 115 1
427 40 56 2
428 86 2 3
429 27 54 3
430 117 45 1
431 89 92 1
432 80 14 1
433 23 2 5
434 88 21 2
435 74 5 1
436 82 40 4
437 44 109 3
438 80 48 1
439 111 84 1
440 50 12 4
441 27 14 1
442 29 13 5
443 87 115 3
444 16 55 4
445 93 16 3
446 84 42 4
447 49 31 2
448 2 105 5
449 67 10 1
450 47 18 5
451 69 44 4
452 60 106 5
453 111 105 4
454 34 13 2
455 88 0 2
456 22 66 2
457 63 8 2
458 71 8 5
459 52 39 5
460 57 71 3
461 97 28 1
462 52 73 1
463 86 117 2
464 82 30 2
465 27 114 3
466 49 93 1
467 93 34 4
468 64 96 2
469 48 55 5
470 12 51 4
471 45 90 5
472 104 51 3
473 99 23 4
474 9 10 3
475 54 60 1
476 68 102 3
477 27 23 5
478 62 58 2
479 7 119 5
480 76 17 3
481 8 114 2
482 72 38 5
483 45 73 4
484 77 112 1
485 105 58 3
486 12 16 5
487 25 85 3
488 18 101 3
489 44 119 3
490 55 96 3
491 115 84 2
492 76 106 1
493 16 17 4
494 105 35 4
495 56 110 1
496 41 41 1
497 24 87 1
498 32 95 5
499 24 3 4
500 40 88 5
501 35 95 1
502 54 112 4
503 27 93 5
504 88 112 4
505 117 8 3
506 19 7 5
507 69 114 5
508 78 13 3
509 107 120 4
510 49 49 4
511 113 92 2
512 0 28 5
513 37 109 5
514 75 99 1
515 80 97 4
516 120 21 4
517 95 44 4
518 75 7 2
519 106 0 2
520 96 83 2
521 33 82 3
522 8 65 5
523 42 41 4
524 25 84 1
525 74 74 3
526 113 57 5
527 53 53 2
528 17 109 4
529 46 94 4
530 3 3 5
531 1 116 3
532 11 9 2
533 98 17 2
534 81 46 5
535 4 52 5
536 104 78 3
537 75 97 4
538 78 73 2
539 104 17 2
540 18 64 2
541 37 94 5
542 78 57 2
543 102 89 5
544 103 77 5
545 118 60 4
546 101 24 3
547 27 50 3
548 76 108 2
549 17 78 5
550 38 112 2
551 34 103 3
552 2 90 5
553 51 70 1
554 71 53 4
555 49 104 5
556 117 106 4
557 108 102 3
558 53 69 2
559 15 35 2
560 39 17 4
561 112 34 5
562 42 24 3
563 76 5 4
564 73 38 5
565 6 75 1
566 49 101 4
567 102 6 1
568 40 23 5
569 28 49 3
570 39 53 2
571 68 23 1
572 24 11 5
573 89 115 4
574 104 96 4
575 107 75 3
576 47 48 2
577 3 106 2
578 33 112 3
579 31 76 3
580 10 38 3
581 36 9 2
582 0 34 1
583 77 10 3
584 29 63 5
585 46 46 2
586 44 38 4
587 93 43 5
588 14 60 1
589 12 107 5
590 116 21 4
591 57 26 1
592 19 3 3
593 85 13 1
594 64 107 2
595 45 115 3
596 118 65 1
597 2 53 2
598 91 79 1
599 5 36 4
600 119 99 4
601 104 105 3
602 19 103 3
603 91 17 5
604 105 115 1
605 108 10 3
606 108 114 2
607 49 11 4
608 41 49 1
609 38 23 5
610 3 70 5
611 60 24 2
612 87 5 2
613 51 6 1
614 97 79 1
615 47 29 3
616 101 20 1
617 8 78 3
618 80 52 2
619 1 60 4
620 69 2 4
621 64 109 3
622 111 74 5
623 18 116 3
624 73 5 2
625 45 25 1
626 105 82 1
627 29 26 4
628 37 16 3
629 80 55 4
630 93 99 1
631 2 61 2
632 99 94 3
633 71 48 2
634 69 91 2
635 4 65 1
636 23 96 4
637 11 28 3
638 19 73 3
639 59 100 4
640 20 26 4
641 77 52 1
642 74 96 2
643 96 62 4
644 61 68 1
645 40 27 3
646 75 112 4
647 74 47 3
648 32 43 4
649 24 97 3
650 19 37 4
651 107 67 4
652 78 67 1
653 57 65 5
654 13 63 4
655 5 37 3
656 64 57 4
657 62 107 1
658 48 39 3
659 38 109 2
660 110 95 3
661 55 116 3
662 50 7 4
663 118 99 1
664 3 95 3
665 90 58 4
666 24 96 4
667 18 72 1
668 77 57 1
669 78 42 4
670 27 60 5
671 117 68 4
672 27 30 1
673 12 66 2
674 88 96 1
675 21 65 3
676 23 101 2
677 77 50 3
678 42 3 1
679 73 30 4
680 30 106 2
681 29 54 5
682 40 106 3
683 84 89 3
684 96 41 2
685 26 87 2
686 7 113 3
687 10 118 3
688 110 77 5
689 109 90 4
690 37 111 2
691 49 13 3
692 58 111 1
693 42 93 5
694 116 64 1
695 15 44 3
696 8 61 3
697 100 65 1
698 102 21 5
699 98 30 2
700 69 61 3
701 82 102 1
702 75 65 2
703 116 8 5
704 78 51 5
705 42 105 2
706 79 73 4
707 83 40 5
708 8 52 4
709 58 109 3
710 75 40 4
711 4 37 1
712 108 117 3
713 42 37 5
714 78 44 1
715 52 93 2
716 27 101 1
717 96 81 4
718 79 56 3
719 13 76 1
720 34 115 3
721 91 100 1
722 90 79 2
723 119 36 4
724 73 41 1
725 63 68 1
726 72 108 5
727 56 20 3
728 49 21 4
729 31 45 3
730 119 92 4
731 53 72 5
732 45 104 3
733 49 64 5
734 39 45 5
735 108 85 1
736 64 69 1
737 58 61 2
738 97 66 4
739 71 69 3
740 40 64 4
741 119 94 3
742 54 37 3
743 32 2 3
744 4 70 1
745 86 85 1
746 40 90 1
747 100 41 2
748 99 11 2
749 67 77 5
750 82 48 4
751 23 106 5
752 68 17 5
753 10 17 3
754 17 105 4
755 102 20 2
756 100 92 4
757 23 33 5
758 18 37 4
759 62 70 3
760 85 120 1
761 48 52 5
762 12 103 3
763 1 106 5
764 50 46 3
765 44 105 4
766 15 31 1
767 99 47 5
768 77 66 3
769 95 84 3
770 24 80 4
771 12 83 3
772 46 93 4
773 86 8 2
774 56 46 2
775 100 3 1
776 95 93 3
777 116 48 5
778 65 64 1
779 8 101 4
780 7 24 1
781 7 76 4
782 0 33 3
783 35 103 4
784 56 115 4
785 33 78 1
786 2 21 3
787 105 112 4
788 62 5 1
789 38 85 2
790 88 74 3
791 89 101 3
792 15 5 1
793 30 21 1
794 58 3 4
795 116 44 3
796 40 42 5
797 34 88 5
798 110 37 5
799 12 110 1
800 25 79 5
801 48 46 5
802 35 106 3
803 119 52 3
804 76 99 2
805 109 56 1
806 86 98 4
807 26 60 5
808 64 117 3
809 108 73 2
810 10 36 4
811 88 98 5
812 32 99 5
813 81 7 5
814 29 76 1
815 84 34 1
816 5 78 1
817 42 2 2
818 65 112 4
819 38 63 5
820 107 87 2
821 13 116 2
822 20 53 1
823 113 115 3
824 32 15 2
825 53 96 5
826 0 7 4
827 18 83 5
828 117 60 5
829 63 17 2
830 51 67 3
831 113 35 5
832 50 100 1
833 63 9 1
834 106 22 1
835 77 71 4
836 45 34 3
837 86 47 3
838 31 65 5
839 79 52 2
840 95 46 1
841 22 46 5
842 38 6 2
843 13 24 1
844 110 22 5
845 107 116 4
846 100 24 1
847 37 44 5
848 116 63 3
849 38 91 3
850 6 90 3
851 60 63 4
852 91 117 1
853 28 44 4
854 47 116 4
855 33 56 2
856 15 120 2
857 113 51 4
858 64 9 5
859 118 37 5
860 102 79 2
861 4 89 5
862 82 93 4
863 112 78 3
864 76 60 5
865 67 62 3
866 81 18 2
867 109 3 5
868 17 14 4
869 56 15 1
870 104 97 4
871 85 71 4
872 8 84 4
873 81 81 3
874 88 104 3
875 50 82 3
876 119 15 1
877 6 117 5
878 51 95 3
879 112 98 1
880 53 83 1
881 61 29 2
882 17 40 2
883 80 81 2
884 64 80 1
885 109 118 4
886 48 48 2
887 20 31 4
888 102 9 3
889 18 54 4
890 76 42 1
891 119 103 4
892 77 54 3
893 43 37 1
894 23 35 2
895 10 117 4
896 40 114 3
897 74 16 4
898 60 40 4
899 103 89 1
900 3 48 4
901 17 18 4
902 58 86 5
903 15 70 1
904 13 59 5
905 43 34 1
906 12 15 1
907 57 50 1
908 15 74 2
909 112 113 2
910 16 119 5
911 3 63 4
912 78 37 1
913 103 74 4
914 55 42 4
915 56 74 5
916 22 39 4
917 120 12 1
918 30 35 5
919 96 38 1
920 118 63 5
921 120 40 4
922 68 105 2
923 71 104 1
924 23 85 5
925 29 68 5
926 78 59 2
927 80 16 1
928 73 93 3
929 111 10 1
930 90 94 2
931 6 101 2
932 0 117 2
933 108 101 4
934 83 101 2
935 24 33 5
936 113 91 3
937 93 14 4
938 41 81 2
939 56 24 5
940 19 14 3
941 42 101 3
942 54 9 3
943 32 105 4
944 63 0 5
945 74 84 5
946 31 14 3
947 67 65 5
948 111 32 2
949 56 5 3
950 22 53 1
951 45 111 1
952 79 41 4
953 77 15 1
954 78 19 4
955 2 54 3
956 77 69 4
957 36 114 2
958 82 118 4
959 76 27 2
960 20 97 3
961 1 51 3
962 55 86 5
963 2 119 2
964 45 113 3
965 49 102 4
966 34 31 3
967 2 25 5
968 69 36 2
969 83 55 2
970 50 99 5
971 61 43 2
972 59 3 3
973 18 1 3
974 76 103 4
975 85 103 1
976 26 68 1
977 21 13 5
978 41 105 4
979 105 94 1
980 30 14 2
981 83 78 4
982 79 108 5
983 47 96 2
984 67 102 1
985 36 112 2
986 113 50 4
987 97 45 5
988 1 115 3
989 84 61 3
990 96 102 1
991 30 30 1
992 8 80 4
993 4 90 4
994 83 43 5
995 77 111 1
996 40 52 1
997 63 6 3
998 78 119 1
999 43 89 2
1000 29 24 4
1001 92 14 4
1002 119 69 2
1003 38 34 4
1004 109 89 2
1005 116 120 5
1006 117 55 3
1007 44 89 2
1008 13 103 5
1009 99 116 4
1010 95 70 1
1011 110 16 3
1012 99 113 1
1013 62 60 2
1014 83 5 5
1015 41 59 3
1016 18 85 2
1017 18 12 5
1018 63 40 4
1019 28 62 2
1020 68 47 5
1021 0 53 5
1022 88 92 1
1023 118 40 3
1024 93 30 3
1025 5 11 3
1026 80 51 2
1027 97 73 3
1028 56 17 2
1029 69 18 3
1030 81 4 3
1031 7 13 3
1032 46 68 5
1033 117 48 1
1034 28 30 4
1035 97 77 2
1036 39 26 1
1037 59 111 2
1038 117 89 4
1039 71 20 4
1040 65 18 2
1041 60 29 3
1042 70 106 1
1043 15 88 4
1044 18 92 3
1045 111 42 1
1046 93 40 5
1047 85 64 4
1048 4 15 1
1049 65 73 1
1050 108 95 1
1051 72 20 3
1052 43 70 4
1053 103 88 2
1054 92 67 5
1055 33 5 3
1056 99 9 1
1057 76 56 5
1058 18 63 4
1059 63 57 3
1060 4 64 3
1061 15 13 3
1062 67 24 3
1063 24 6 5
1064 12 106 2
1065 18 10 5
1066 101 115 5
1067 37 60 1
1068 62 100 5
1069 37 63 5
1070 78 26 3
1071 28 74 1
1072 80 1 2
1073 7 107 3
1074 22 7 4
1075 15 62 3
1076 38 24 4
1077 63 89 2
1078 96 57 2
1079 9 51 5
1080 83 118 2
1081 96 69 2
1082 39 32 2
1083 16 102 2
1084 47 114 4
1085 105 113 1
1086 91 9 5
1087 80 89 5
1088 40 55 4
1089 102 57 4
1090 94 27 3
1091 9 27 3
1092 93 9 2
1093 113 81 4
1094 36 39 1
1095 116 58 3
1096 82 74 5
1097 7 7 3
1098 112 58 3
1099 74 9 4
1100 113 71 1
1101 65 22 5
1102 73 82 1
1103 73 60 5
1104 73 7 3
1105 56 117 4
1106 2 11 2
1107 98 97 4
1108 52 26 4
1109 19 117 4
1110 8 95 5
1111 116 102 1
1112 94 7 2
1113 32 72 3
1114 95 81 5
1115 67 29 3
1116 43 97 1
1117 35 54 4
1118 5 17 4
1119 78 82 1
1120 10 37 3
1121 93 87 4
1122 93 100 4
1123 104 31 2
1124 49 70 1
1125 52 91 5
1126 96 90 1
1127 28 43 2
1128 79 13 1
1129 115 119 4
1130 95 73 1
1131 40 49 5
1132 26 89 4
1133 84 105 5
1134 25 23 3
1135 19 26 4
1136 24 47 4
1137 98 84 1
1138 66 20 3
1139 48 76 3
1140 2 95 2
1141 53 87 5
1142 48 37 5
1143 75 103 2
1144 120 47 2
1145 11 92 4
1146 84 94 3
1147 69 112 3
1148 74 45 5
1149 73 119 3
1150 92 4 2
1151 21 97 3
1152 80 80 1
1153 60 10 5
1154 49 113 3
1155 61 51 2
1156 70 86 1
1157 4 17 4
1158 51 82 5
1159 54 75 5
1160 73 61 4
1161 33 58 1
1162 51 57 1
1163 31 83 1
1164 9 65 1
1165 90 84 5
1166 115 95 1
1167 29 21 1
1168 27 62 4
1169 35 59 2
1170 104 111 4
1171 53 85 5
1172 114 103 5
1173 89 49 4
1174 4 113 1
1175 19 29 4
1176 111 49 4
1177 17 44 3
1178 90 51 3
1179 10 86 5
1180 84 22 5
1181 10 71 2
1182 69 49 3
1183 65 98 3
1184 71 108 5
1185 33 20 5
1186 28 105 4
1187 73 63 3
1188 119 51 1
1189 53 60 2
1190 107 1 2
1191 80 9 1
1192 61 77 4
1193 42 52 3
1194 10 89 2
1195 88 65 1
1196 27 34 2
1197 65 78 1
1198 82 68 4
1199 70 79 1
1200 15 34 3
1201 26 92 3
1202 116 87 4
1203 65 32 5
1204 30 2 1
1205 63 36 1
1206 81 10 2
1207 37 93 2
1208 1 7 5
1209 18 52 2
1210 38 31 5
1211 119 39 3
1212 55 17 4
1213 64 15 5
1214 103 59 2
1215 39 55 2
1216 69 12 1
1217 38 79 2
1218 77 3 5
1219 15 8 5
1220 64 114 1
1221 16 15 5
1222 75 74 3
1223 45 95 2
1224 23 23 4
1225 18 9 4
1226 9 118 5
1227 4 60 4
1228 87 40 3
1229 116 57 5
1230 96 18 3
1231 41 27 5
1232 64 48 4
1233 104 40 1
1234 13 62 2
1235 97 115 5
1236 14 68 5
1237 101 44 4
1238 31 64 5
1239 117 78 5
1240 73 112 3
1241 104 41 2
1242 80 37 5
1243 91 97 1
1244 22 115 5
1245 103 100 5
1246 82 113 3
1247 64 91 1
1248 27 25 1
1249 81 67 1
1250 67 38 4
1251 83 75 5
1252 16 4 5
1253 29 16 5
1254 84 24 1
1255 51 111 5
1256 59 43 3
1257 118 107 2
1258 42 59 4
1259 44 113 5
1260 41 22 5
1261 119 83 2
1262 22 113 5
1263 57 94 4
1264 81 6 3
1265 83 71 5
1266 5 120 1
1267 46 99 2
1268 36 56 4
1269 22 11 3
1270 69 89 3
1271 22 14 4
1272 47 103 1
1273 68 106 4
1274 64 8 4
1275 3 47 3
1276 47 22 2
1277 53 106 3
1278 79 101 4
1279 52 102 5
1280 82 23 4
1281 54 63 3
1282 20 19 1
1283 13 17 5
1284 108 69 5
1285 111 0 3
1286 63 91 4
1287 16 9 3
1288 39 91 2
1289 118 66 2
1290 97 64 4
1291 114 56 3
1292 94 52 4
1293 41 45 5
1294 29 42 1
1295 19 62 2
1296 107 3 1
1297 96 89 4
1298 34 12 4
1299 71 11 1
1300 115 2 2
1301 35 52 4
1302 34 60 3
1303 8 94 2
1304 29 41 1
1305 52 85 1
1306 106 50 3
1307 88 31 5
1308 65 42 5
1309 14 67 3
1310 8 4 4
1311 28 17 1
1312 90 22 3
1313 38 95 2
1314 1 89 5
1315 21 1 2
1316 36 21 2
1317 55 49 4
1318 67 117 5
1319 23 9 3
1320 119 61 3
1321 66 18 4
1322 51 97 4
1323 97 114 3
1324 93 113 5
1325 41 34 4
1326 5 41 5
1327 25 44 3
1328 39 42 2
1329 62 112 5
1330 92 120 1
1331 36 34 1
1332 50 49 4
1333 13 117 4
1334 42 81 1
1335 40 18 2
1336 50 67 3
1337 90 3 1
1338 1 10 3
1339 14 23 2
1340 85 0 3
1341 4 14 3
1342 60 115 1
1343 79 58 5
1344 10 42 2
1345 45 15 4
1346 56 107 5
1347 56 50 5
1348 32 30 2
1349 70 56 3
1350 6 119 5
1351 31 58 5
1352 82 2 2
1353 10 46 1
1354 18 119 3
1355 36 113 3
1356 103 105 4
1357 67 63 3
1358 115 114 4
1359 92 22 1
1360 66 64 5
1361 49 60 2
1362 27 18 4
1363 110 11 3
1364 96 99 2
1365 104 109 5
1366 35 40 2
1367 19 49 3
1368 102 112 2
1369 11 97 3
1370 102 77 5
1371 33 38 2
1372 50 31 5
1373 86 30 3
1374 100 98 5
1375 10 54 4
1376 71 112 3
1377 71 84 1
1378 7 96 2
1379 92 24 1
1380 37 34 5
1381 110 63 1
1382 10 44 4
1383 43 7 2
1384 55 120 2
1385 84 50 3
1386 63 87 1
1387 9 17 4
1388 23 48 2
1389 23 28 1
1390 80 93 5
1391 79 16 5
1392 29 31 1
1393 34 99 1
1394 16 43 2
1395 55 103 5
1396 72 111 2
1397 106 111 1
1398 68 79 1
1399 4 47 4
1400 13 98 2
1401 101 32 2
1402 83 112 1
1403 37 17 5
1404 96 108 4
1405 52 103 3
1406 81 45 4
1407 10 45 2
1408 99 30 1
1409 100 71 1
1410 13 40 3
1411 12 98 4
1412 13 11 3
1413 98 48 1
1414 102 48 2
1415 42 18 4
1416 75 53 2
1417 105 99 2
1418 89 99 5
1419 73 71 1
1420 82 111 4
1421 85 79 2
1422 51 18 2
1423 57 20 3
1424 93 23 1
1425 110 67 3
1426 25 112 2
1427 109 16 3
1428 102 19 1
1429 58 42 4
1430 63 72 1
1431 100 78 2
1432 10 104 1
1433 8 20 4
1434 3 97 4
1435 78 109 4
1436 97 61 3
1437 50 117 3
1438 64 75 2
1439 91 91 1
1440 74 90 5
1441 30 83 2
1442 38 106 3
1443 20 98 2
1444 73 101 1
1445 59 20 1
1446 12 23 3
1447 103 97 4
1448 74 41 2
1449 93 70 4
1450 16 58 2
1451 39 72 5
1452 67 119 1
1453 107 0 1
1454 8 103 5
1455 93 53 3
1456 59 96 4
1457 67 17 4
1458 6 32 3
1459 26 101 4
1460 41 98 5
1461 110 41 3
1462 99 59 5
1463 72 5 1
1464 43 38 3
1465 84 18 4
1466 80 12 2
1467 112 72 5
1468 37 67 2
1469 41 25 2
1470 85 80 4
1471 23 73 3
1472 46 32 4
1473 113 53 2
1474 15 23 3
1475 17 90 4
1476 100 97 1
1477 87 34 1
1478 119 27 1
1479 120 70 1
1480 19 104 2
1481 98 0 4
1482 60 64 2
1483 10 94 3
1484 91 37 5
1485 77 118 2
1486 39 56 1
1487 2 14 2
1488 63 39 4
1489 105 57 3
1490 100 47 1
1491 100 95 1
1492 46 15 4
1493 95 16 3
1494 45 107 2
1495 72 26 1
1496 36 4 1
1497 68 113 5
1498 11 26 5
1499 112 49 5
1500 61 57 5
1501 45 93 1
1502 95 26 5
1503 39 65 1
1504 47 102 4
1505 117 65 5
1506 9 2 1
1507 49 53 1
1508 68 25 1
1509 25 76 3
1510 75 26 5
1511 24 90 1
1512 40 76 2
1513 106 15 2
1514 71 61 4
1515 72 83 4
1516 31 32 3
1517 25 93 3
1518 24 21 2
1519 75 29 3
1520 94 54 3
1521 30 49 1
1522 59 19 1
1523 52 60 5
1524 50 13 4
1525 19 31 3
1526 36 71 1
1527 108 49 1
1528 50 87 4
1529 94 30 3
1530 51 22 3
1531 120 69 1
1532 51 23 5
1533 92 78 2
1534 107 39 1
1535 1 58 1
1536 112 11 5
1537 58 78 1
1538 111 120 4
1539 72 77 1
1540 63 115 1
1541 63 22 5
1542 53 51 1
1543 43 66 4
1544 50 62 4
1545 21 95 4
1546 18 8 1
1547 47 78 1
1548 24 78 2
1549 105 114 3
1550 72 76 4
1551 3 50 4
1552 1 47 1
1553 50 66 3
1554 85 48 3
1555 34 98 4
1556 77 113 4
1557 23 102 2
1558 58 48 4
1559 40 26 2
1560 33 9 2
1561 56 58 4
1562 53 42 4
1563 100 6 2
1564 114 33 4
1565 116 103 4
1566 92 35 1
1567 4 45 5
1568 4 108 4
1569 20 110 5
1570 55 38 4
1571 36 64 1
1572 113 0 3
1573 3 92 2
1574 29 107 2
1575 119 19 2
1576 86 22 3
1577 79 26 2
1578 49 32 3
1579 81 38 4
1580 79 95 2
1581 72 28 4
1582 24 54 3
1583 116 37 5
1584 82 92 3
1585 40 107 3
1586 24 55 2
1587 53 38 5
1588 44 24 2
1589 76 36 5
1590 117 11 1
1591 11 18 4
1592 70 35 4
1593 29 6 5
1594 59 91 1
1595 51 56 4
1596 16 45 4
1597 8 56 1
1598 100 113 2
1599 110 112 3
1600 2 107 3
1601 102 10 2
1602 37 1 4
1603 55 3 4
1604 72 99 5
1605 44 103 1
1606 78 105 3
1607 32 24 2
1608 39 37 5
1609 118 30 4
1610 11 52 5
1611 71 70 1
1612 29 78 3
1613 84 3 1
1614 100 53 2
1615 23 44 3
1616 0 67 5
1617 30 116 4
1618 117 119 5
1619 37 89 4
1620 80 6 2
1621 39 46 2
1622 115 31 5
1623 60 44 4
1624 95 36 1
1625 38 107 1
1626 31 120 2
1627 71 47 5
1628 34 86 3
1629 78 52 5
1630 33 80 3
1631 116 98 3
1632 30 1 1
1633 99 28 2
1634 88 39 1
1635 31 46 1
1636 52 34 1
1637 4 30 4
1638 103 60 2
1639 58 45 5
1640 82 12 5
1641 27 118 4
1642 66 57 3
1643 0 78 5
1644 117 82 3
1645 105 13 1
1646 12 41 5
1647 119 120 5
1648 15 58 2
1649 24 0 1
1650 16 33 3
1651 1 5 1
1652 1 109 4
1653 15 0 3
1654 113 62 3
1655 46 118 5
1656 22 55 5
1657 113 29 1
1658 11 98 5
1659 50 85 1
1660 100 83 3
1661 46 103 4
1662 73 87 4
1663 71 15 4
1664 33 45 5
1665 107 74 5
1666 60 25 2
1667 82 89 3
1668 49 58 3
1669 16 85 3
1670 66 119 3
1671 38 19 1
1672 55 2 4
1673 50 14 4
1674 108 74 1
1675 108 94 1
1676 0 59 5
1677 119 102 5
1678 117 70 3
1679 115 107 5
1680 118 110 3
1681 112 6 2
1682 78 74 3
1683 108 0 2
1684 21 39 5
1685 70 60 5
1686 14 5 2
1687 103 2 1
1688 41 51 3
1689 53 88 1
1690 4 25 2
1691 77 25 2
1692 78 27 4
1693 94 77 2
1694 17 74 3
1695 93 96 5
1696 52 27 2
1697 21 10 2
1698 11 35 2
1699 103 4 2
1700 88 79 5
1701 46 30 4
1702 84 69 5
1703 115 19 4
1704 68 119 4
1705 43 35 4
1706 63 10 1
1707 115 58 3
1708 80 49 4
1709 85 19 1
1710 73 8 4
1711 66 115 2
1712 90 113 1
1713 66 37 2
1714 42 46 2
1715 14 113 1
1716 73 20 2
1717 88 38 1
1718 71 93 4
1719 52 21 5
1720 75 47 4
1721 33 73 1
1722 71 101 2
1723 83 73 5
1724 15 25 1
1725 62 26 3
1726 102 29 4
1727 36 35 5
1728 80 111 3
1729 113 48 3
1730 12 68 5
1731 17 114 4
1732 83 70 2
1733 86 106 4
1734 75 11 4
1735 83 38 3
1736 97 81 3
1737 65 23 3
1738 112 12 1
1739 35 13 3
1740 92 114 2
1741 52 17 1
1742 4 46 5
1743 37 92 4
1744 52 59 5
1745 77 26 3
1746 20 21 4
1747 67 56 4
1748 32 5 1
1749 116 24 5
1750 9 112 4
1751 116 93 4
1752 84 46 2
1753 30 103 5
1754 12 5 3
1755 29 94 1
1756 0 109 3
1757 112 99 4
1758 60 9 4
1759 77 16 1
1760 66 2 3
1761 79 77 5
1762 73 81 1
1763 42 114 4
1764 92 85 2
1765 97 55 1
1766 108 115 3
1767 39 25 4
1768 96 32 2
1769 17 95 4
1770 17 46 2
1771 111 31 1
1772 88 75 5
1773 111 13 2
1774 70 118 4
1775 39 85 2
1776 31 109 3
1777 84 77 3
1778 20 104 4
1779 8 76 3
1780 42 79 1
1781 98 93 4
1782 78 88 4
1783 57 79 1
1784 88 101 4
1785 71 80 1
1786 88 94 2
1787 100 76 4
1788 120 32 3
1789 46 117 2
1790 20 89 2
1791 8 48 4
1792 89 29 3
1793 27 4 4
1794 74 40 1
1795 115 15 5
1796 73 51 4
1797 88 115 5
1798 13 83 2
1799 57 87 4
1800 98 66 4
1801 78 16 5
1802 61 46 1
1803 106 77 1
1804 12 37 3
1805 21 55 4
1806 28 116 4
1807 61 17 1
1808 1 11 1
1809 40 97 2
1810 3 81 3
1811 79 112 4
1812 39 110 2
1813 45 87 1
1814 84 32 3
1815 73 107 4
1816 90 76 2
1817 7 117 3
1818 107 108 4
1819 113 79 5
1820 55 10 2
1821 18 75 4
1822 104 116 4
1823 98 85 3
1824 26 71 4
1825 100 23 5
1826 50 91 1
1827 58 58 5
1828 114 31 3
1829 36 17 2
1830 86 118 4
1831 39 92 5
1832 108 91 1
1833 23 87 5
1834 63 15 4
1835 12 94 2
1836 14 101 5
1837 82 7 5
1838 29 101 5
1839 93 76 2
1840 42 88 5
1841 106 67 5
1842 24 93 3
1843 109 108 3
1844 55 9 5
1845 37 2 5
1846 98 26 2
1847 106 66 2
1848 80 36 2
1849 81 34 4
1850 109 70 3
1851 68 15 2
1852 3 108 1
1853 115 75 5
1854 41 61 3
1855 110 23 5
1856 28 71 2
1857 83 54 4
1858 83 111 1
1859 39 69 2
1860 84 1 2
1861 64 45 5
1862 91 6 3
1863 10 68 3
1864 18 29 2
1865 24 108 3
1866 62 103 3
1867 3 54 1
1868 51 38 3
1869 97 15 2
1870 117 27 3
1871 69 14 1
1872 105 77 5
1873 1 100 3
1874 54 22 3
1875 108 87 4
1876 83 11 4
1877 88 62 2
1878 93 8 5
1879 62 16 4
1880 54 31 2
1881 10 34 1
1882 28 51 3
1883 108 66 2
1884 68 6 5
1885 66 99 4
1886 82 87 3
1887 90 93 2
1888 109 93 2
1889 65 0 1
1890 56 101 1
1891 36 79 4
1892 14 96 5
1893 1 117 1
1894 65 37 1
1895 117 49 2
1896 21 103 2
1897 6 59 3
1898 30 55 5
1899 81 114 1
1900 45 19 5
1901 78 9 4
1902 24 120 5
1903 2 35 1
1904 42 51 1
1905 34 71 4
1906 62 104 1
1907 66 3 3
1908 53 84 2
1909 34 39 5
1910 31 44 1
1911 35 85 5
1912 14 63 4
1913 47 91 1
1914 14 88 3
1915 4 4 2
1916 15 95 2
1917 59 61 1
1918 96 65 2
1919 98 120 4
1920 102 13 4
1921 73 15 1
1922 77 62 5
1923 90 91 5
1924 86 78 5
1925 20 15 2
1926 2 43 5
1927 90 83 5
1928 81 118 4
1929 11 10 4
1930 37 103 3
1931 74 95 1
1932 69 29 5
1933 67 13 3
1934 72 10 2
1935 23 39 4
1936 80 63 1
1937 100 44 1
1938 56 52 4
1939 1 90 2
1940 63 56 2
1941 18 105 1
1942 45 52 3
1943 74 54 3
1944 10 8 2
1945 55 74 5
1946 22 44 4
1947 52 69 3
1948 17 83 2
1949 9 85 4
1950 114 118 4
1951 18 74 3
1952 11 41 3
1953 110 94 2
1954 69 102 4
1955 14 44 4
1956 21 22 1
1957 48 111 5
1958 61 85 4
1959 16 89 1
1960 12 22 5
1961 3 41 4
1962 48 118 3
1963 52 7 3
1964 80 42 3
1965 87 105 1
1966 68 112 3
1967 111 61 2
1968 103 29 4
1969 105 65 5
1970 16 11 2
1971 94 39 1
1972 60 72 1
1973 5 58 2
1974 113 75 2
1975 82 9 2
1976 2 68 3
1977 76 70 4
1978 65 43 4
1979 65 62 1
1980 112 24 5
1981 86 81 4
1982 35 108 3
1983 3 117 3
1984 113 19 5
1985 83 29 2
1986 81 14 2
1987 94 112 4
1988 48 12 4
1989 101 60 3
1990 13 18 4
1991 45 22 2
1992 22 85 4
1993 90 32 1
1994 76 105 2
1995 84 38 4
1996 53 115 2
1997 87 69 3
1998 78 97 3
1999 4 86 1
2000 109 94 1
2001 79 5 4
2002 41 2 1
2003 82 91 1
2004 62 14 5
2005 18 4 1
2006 88 116 3
2007 103 98 3
2008 89 7 1
2009 23 18 1
2010 20 46 5
2011 35 90 5
2012 106 90 4
2013 103 51 3
2014 63 78 3
2015 32 48 2
2016 6 116 5
2017 82 65 2
2018 48 38 4
2019 15 19 3
2020 1 61 1
2021 82 108 1
2022 90 71 2
2023 103 115 2
2024 74 59 3
2025 118 116 3
2026 15 42 3
2027 10 99 4
2028 107 95 2
2029 61 26 3
2030 64 59 1
2031 57 42 4
2032 111 89 4
2033 114 13 5
2034 50 120 5
2035 34 77 1
2036 93 55 5
2037 32 75 2
2038 23 70 2
2039 104 94 5
2040 75 93 1
2041 35 37 3
2042 71 35 5
2043 44 61 3
2044 120 37 1
2045 119 49 5
2046 104 92 1
2047 8 58 3
2048 70 84 2
2049 50 101 5
2050 75 36 5
2051 58 94 5
2052 112 1 5
2053 4 48 4
2054 30 44 1
2055 100 56 1
2056 63 102 3
2057 89 68 2
2058 92 90 2
2059 103 24 1
2060 113 31 3
2061 60 57 2
2062 80 15 3
2063 94 64 5
2064 109 87 4
2065 70 1 3
2066 61 7 5
2067 108 12 3
2068 82 14 4
2069 111 15 2
2070 51 26 1
2071 5 70 3
2072 105 5 4
2073 20 68 3
2074 95 97 3
2075 15 40 3
2076 78 75 3
2077 18 100 5
2078 82 0 3
2079 55 0 3
2080 87 22 3
2081 104 117 1
2082 49 3 3
2083 103 25 4
2084 51 0 5
2085 58 17 4
2086 74 46 3
2087 5 22 2
2088 66 49 4
2089 3 72 1
2090 12 59 3
2091 72 104 2
2092 109 22 5
2093 71 102 5
2094 61 83 4
2095 77 24 5
2096 71 74 2
2097 113 104 1
2098 84 5 2
2099 116 59 4
2100 99 81 1
2101 2 73 3
2102 91 0 4
2103 14 29 4
2104 39 13 4
2105 86 92 2
2106 52 106 3
2107 49 84 1
2108 73 70 1
2109 117 52 2
2110 113 18 3
2111 109 28 2
2112 88 17 2
2113 84 6 2
2114 31 91 1
2115 79 75 3
2116 49 33 5
2117 13 9 4
2118 9 68 1
2119 8 53 4
2120 12 64 4
2121 81 8 1
2122 5 77 4
2123 22 57 4
2124 13 13 5
2125 88 107 3
2126 115 57 5
2127 108 46 1
2128 27 109 2
2129 78 81 3
2130 105 51 2
2131 25 75 5
2132 53 31 2
2133 57 83 4
2134 100 101 5
2135 85 82 1
2136 14 73 1
2137 57 8 4
2138 34 83 4
2139 72 89 5
2140 72 97 4
2141 46 66 2
2142 99 21 5
2143 8 45 5
2144 94 62 1
2145 82 41 2
2146 106 88 3
2147 75 31 4
2148 116 0 1
2149 95 63 4
2150 97 26 5
2151 63 82 3
2152 0 4 2
2153 31 60 1
2154 47 21 5
2155 116 66 1
2156 25 49 4
2157 17 26 1
2158 67 113 3
2159 59 32 5
2160 9 92 4
2161 90 5 2
2162 0 54 2
2163 102 84 5
2164 65 3 1
2165 41 99 2
2166 85 57 5
2167 97 7 2
2168 64 37 3
2169 71 55 5
2170 59 63 2
2171 2 89 1
2172 28 14 2
2173 63 48 4
2174 105 31 5
2175 103 83 2
2176 98 61 5
2177 33 63 3
2178 100 51 1
2179 107 4 4
2180 14 109 3
2181 61 62 3
2182 29 57 1
2183 100 61 5
2184 89 77 2
2185 21 112 4
2186 107 94 4
2187 40 36 1
2188 2 70 2
2189 25 118 4
2190 5 115 4
2191 70 25 4
2192 42 33 2
2193 91 34 5
2194 43 108 3
2195 96 103 3
2196 29 93 3
2197 97 106 5
2198 13 25 5
2199 96 67 5
2200 42 12 3
2201 71 75 1
2202 25 66 2
2203 13 112 5
2204 113 6 4
2205 93 57 3
2206 30 29 2
2207 88 70 1
2208 45 3 3
2209 103 5 5
2210 16 63 3
2211 120 81 3
2212 6 61 4
2213 80 79 1
2214 114 86 4
2215 83 50 1
2216 106 27 5
2217 41 47 5
2218 15 66 2
2219 30 11 5
2220 52 75 1
2221 27 3 4
2222 35 69 5
2223 105 73 1
2224 44 92 5
2225 6 115 1
2226 46 8 2
2227 33 107 3
2228 85 89 2
2229 80 13 5
2230 20 79 2
2231 20 113 3
2232 3 80 1
2233 34 32 4
2234 66 107 4
2235 78 69 5
2236 25 73 5
2237 57 109 4
2238 20 93 4
2239 97 52 5
2240 88 110 3
2241 54 62 4
2242 61 49 1
2243 76 86 1
2244 116 71 4
2245 82 29 1
2246 81 70 3
2247 39 77 4
2248 86 5 1
2249 86 15 2
2250 112 116 4
2251 87 8 5
2252 30 77 5
2253 117 17 5
2254 36 53 4
2255 119 108 5
2256 5 71 3
2257 85 107 2
2258 32 97 4
2259 120 46 5
2260 44 11 5
2261 30 25 2
2262 104 36 4
2263 113 10 2
2264 47 60 3
2265 26 109 3
2266 90 69 3
2267 84 99 3
2268 49 95 1
2269 38 71 4
2270 35 75 2
2271 52 65 2
2272 63 1 1
2273 94 86 5
2274 26 108 1
2275 81 60 4
2276 29 56 5
2277 84 76 2
2278 46 75 1
2279 6 89 2
2280 116 52 4
2281 102 111 5
2282 47 15 1
2283 64 77 2
2284 113 95 4
2285 100 20 4
2286 92 43 4
2287 104 93 2
2288 87 19 2
2289 21 18 1
2290 6 50 2
2291 75 77 1
2292 1 66 2
2293 49 114 2
2294 1 67 2
2295 72 31 5
2296 35 14 2
2297 78 30 5
2298 95 19 4
2299 87 43 3
2300 21 43 1
2301 34 109 1
2302 33 75 1
2303 8 68 2
2304 109 2 1
2305 32 69 4
2306 93 18 3
2307 76 74 1
2308 34 106 1
2309 11 50 4
2310 4 87 1
2311 90 72 2
2312 9 96 4
2313 46 116 2
2314 86 115 5
2315 30 50 4
2316 98 79 3
2317 5 31 5
2318 75 37 5
2319 43 40 4
2320 87 68 1
2321 74 10 2
2322 47 45 2
2323 62 99 5
2324 71 111 4
2325 24 53 3
2326 2 17 5
2327 104 87 5
2328 80 67 4
2329 116 81 2
2330 39 98 1
2331 61 53 4
2332 76 26 4
2333 44 70 2
2334 80 25 5
2335 107 9 2
2336 14 8 1
2337 10 114 3
2338 66 55 2
2339 85 33 2
2340 113 70 4
2341 40 50 3
2342 113 78 3
2343 97 1 3
2344 72 7 5
2345 100 42 4
2346 58 108 4
2347 16 88 4
2348 15 94 2
2349 108 1 1
2350 117 73 4
2351 105 75 5
2352 22 2 3
2353 54 28 4
2354 24 49 4
2355 82 22 1
2356 42 61 3
2357 61 116 3
2358 93 72 3
2359 110 87 3
2360 101 51 5
2361 93 60 4
2362 91 75 5
2363 30 41 5
2364 45 85 5
2365 56 10 2
2366 47 2 3
2367 109 11 1
2368 26 73 4
2369 73 58 1
2370 80 114 3
2371 22 23 5
2372 112 39 2
2373 11 0 1
2374 54 17 2
2375 113 52 3
2376 22 61 5
2377 33 44 5
2378 30 119 3
2379 42 26 3
2380 29 114 1
2381 103 9 4
2382 8 28 4
2383 38 35 3
2384 43 94 3
2385 6 73 3
2386 1 95 5
2387 100 29 1
2388 33 105 1
2389 46 16 5
2390 90 37 5
2391 84 23 1
2392 64 93 5
2393 12 95 2
2394 62 101 3
2395 94 21 1
2396 69 80 4
2397 5 29 1
2398 59 34 4
2399 113 24 2
2400 108 78 3
2401 57 81 4
2402 37 55 5
2403 16 31 3
2404 105 98 4
2405 34 113 4
2406 104 11 1
2407 79 32 3
2408 68 97 3
2409 59 68 2
2410 94 97 3
2411 95 71 5
2412 112 64 5
2413 59 119 3
2414 30 87 1
2415 40 24 2
2416 114 37 1
2417 81 35 2
2418 85 91 5
2419 47 25 1
2420 64 5 2
2421 79 55 2
2422 11 33 3
2423 21 87 5
2424 7 88 1
2425 35 67 1
2426 53 114 4
2427 38 68 2
2428 22 0 2
2429 80 73 3
2430 94 65 1
2431 19 30 3
2432 9 53 1
2433 46 107 4
2434 56 18 1
2435 41 91 3
2436 36 72 3
2437 101 114 4
2438 23 89 5
2439 57 75 1
2440 5 82 1
2441 6 57 2
2442 18 38 4
2443 119 64 4
2444 113 84 3
2445 41 0 4
2446 2 4 2
2447 94 26 3
2448 97 74 4
2449 13 36 3
2450 18 70 1
2451 103 91 2
2452 72 15 2
2453 81 100 3
2454 16 108 4
2455 96 51 4
2456 95 67 5
2457 110 5 3
2458 29 85 3
2459 107 15 4
2460 114 75 3
2461 103 70 2
2462 45 7 5
2463 107 26 4
2464 38 119 3
2465 62 78 2
2466 43 29 4
2467 46 87 5
2468 101 12 4
2469 77 27 5
2470 8 42 3
2471 75 120 5
2472 101 96 5
2473 72 79 4
2474 27 84 4
2475 83 114 1
2476 47 30 5
2477 26 82 5
2478 58 41 1
2479 2 87 5
2480 73 12 5
2481 98 37 3
2482 31 116 1
2483 68 84 1
2484 90 48 1
2485 34 107 5
2486 85 20 2
2487 7 12 2
2488 87 100 3
2489 107 110 1
2490 67 49 5
2491 12 31 5
2492 48 88 5
2493 106 81 3
2494 112 61 5
2495 89 73 2
2496 119 0 4
2497 77 85 3
2498 2 80 1
2499 71 114 5
2500 99 18 1
2501 95 83 4
2502 57 114 3
2503 34 14 5
2504 27 24 5
2505 23 74 1
2506 82 96 1
2507 87 6 2
2508 109 25 1
2509 10 16 3
2510 24 79 2
2511 97 9 2
2512 108 100 3
2513 31 95 2
2514 106 115 4
2515 109 115 4
2516 9 77 3
2517 35 97 4
2518 18 120 5
2519 43 36 1
2520 57 18 1
2521 77 88 3
2522 78 107 1
2523 11 42 2
2524 7 118 4
2525 31 43 1
2526 68 42 5
2527 11 61 3
2528 120 83 4
2529 90 78 2
2530 103 72 5
2531 25 52 1
2532 86 42 5
2533 81 24 5
2534 4 23 4
2535 29 95 4
2536 115 7 5
2537 12 119 4
2538 19 4 4
2539 1 9 4
2540 114 110 2
2541 92 17 3
2542 6 62 4
2543 32 7 1
2544 68 80 5
2545 40 61 3
2546 117 39 5
2547 67 34 5
2548 27 39 2
2549 111 53 3
2550 44 72 5
2551 21 89 5
2552 41 50 5
2553 22 88 5
2554 118 22 1
2555 52 57 4
2556 106 110 5
2557 28 21 4
2558 8 59 1
2559 34 78 1
2560 20 44 3
2561 36 81 4
2562 84 83 4
2563 16 116 3
2564 0 48 3
2565 112 84 5
2566 60 94 4
2567 78 85 1
2568 83 63 5
2569 95 22 3
2570 93 28 5
2571 50 90 2
2572 46 97 1
2573 66 44 3
2574 102 53 1
2575 65 87 1
2576 72 107 4
2577 31 77 4
2578 18 109 5
2579 111 24 2
2580 38 27 5
2581 19 114 1
2582 86 113 1
2583 62 25 4
2584 35 79 2
2585 62 55 4
2586 1 13 5
2587 108 113 3
2588 38 92 5
2589 101 75 3
2590 60 78 5
2591 22 52 3
2592 92 50 2
2593 75 84 1
2594 72 23 2
2595 58 22 1
2596 60 60 2
2597 118 8 5
2598 82 21 2
0 52 21
1 24 10
2 103 5
3 95 40
4 98 31
5 26 50
6 45 98
7 28 100
8 102 73
9 71 64
10 49 8
11 48 61
12 110 51
13 120 38
14 111 104
15 51 42
16 55 27
17 62 2
18 33 75
19 107 52
20 92 71
21 120 53
22 90 12
23 96 43
24 115 80
25 31 88
26 54 25
27 53 116
28 63 59
29 2 87
30 38 108
31 46 6
32 34 62
33 16 25
34 97 60
35 13 71
36 100 65
37 19 58
38 106 54
39 116 44
40 81 102
41 112 61
42 7 70
43 91 53
44 35 68
45 54 120
46 33 1
47 113 94
48 26 18
49 69 105
50 37 39
51 91 101
52 108 112
53 53 79
54 94 39
55 72 70
56 105 93
57 80 58
58 47 80
59 39 101
60 23 89
61 104 59
62 80 45
63 62 52
64 58 65
65 61 72
66 52 44
67 1 38
68 8 104
69 76 111
70 89 42
71 112 65
72 58 4
73 77 102
74 4 53
75 73 48
76 99 116
77 72 36
78 53 120
79 17 49
80 82 118
81 57 27
82 30 116
83 20 112
84 110 104
85 24 102
86 114 79
87 73 85
88 45 74
89 88 70
90 99 118
91 68 44
92 119 91
93 34 69
94 105 60
95 69 73
96 45 3
97 65 95
98 114 29
99 12 78
100 91 55
101 60 89
102 89 60
103 6 66
104 111 89
105 11 113
106 53 31
107 95 36
108 2 53
109 3 89
110 0 66
111 37 87
112 59 7
113 55 119
114 75 47
115 90 53
116 65 101
117 91 41
118 109 47
119 103 106
120 38 40
121 75 33
122 22 2
123 27 43
124 120 77
125 16 99
126 56 114
127 103 57
128 90 27
129 79 75
130 50 113
131 73 15
132 9 69
133 58 98
134 7 21
135 15 33
136 41 87
137 9 11
138 77 89
139 52 42
140 29 83
141 112 62
142 68 114
143 18 40
144 60 43
145 34 68
146 118 70
147 84 53
148 104 42
149 102 111
150 30 21
151 64 1
152 12 40
153 90 71
154 69 91
155 66 81
156 70 30
157 54 70
158 98 88
159 40 109
160 28 83
161 102 113
162 2 47
163 83 45
164 59 51
165 0 19
166 75 112
167 54 60
168 45 46
169 0 119
170 68 86
171 115 68
172 97 118
173 88 92
174 19 41
175 38 46
176 89 85
177 22 91
178 35 23
179 115 83
180 89 83
181 102 114
182 116 8
183 98 42
184 57 95
185 29 63
186 43 75
187 77 104
188 36 115
189 63 71
190 39 110
191 34 70
192 47 50
193 93 22
194 92 65
195 90 22
196 39 112
197 77 91
198 111 31
199 2 8
200 94 84
201 38 1
202 25 53
203 25 5
204 32 53
205 80 93
206 37 27
207 30 5
208 76 37
209 24 5
210 109 52
211 116 89
212 22 8
213 9 58
214 82 63
215 56 116
216 54 98
217 68 55
218 65 91
219 64 118
220 41 94
221 46 51
222 102 88
223 42 22
224 59 111
225 77 112
226 44 39
227 9 14
228 115 29
229 17 111
230 21 59
231 55 105
232 94 20
233 105 71
234 14 85
235 57 79
236 17 109
237 24 60
238 104 48
239 95 94
240 73 98
241 7 117
242 27 59
243 79 120
244 99 66
245 85 104
246 0 15
247 0 89
248 77 36
249 5 27
250 84 35
251 43 85
252 56 106
253 103 25
254 57 3
255 55 7
256 42 54
257 90 81
258 117 51
259 36 115
260 12 55
261 41 117
262 111 48
263 90 55
264 27 1
265 117 81
266 29 96
267 85 109
268 39 12
269 17 93
270 110 58
271 58 24
272 60 58
273 13 3
274 5 23
275 73 26
276 46 73
277 30 97
278 106 38
279 77 7
280 67 54
281 26 49
282 93 2
283 50 46
284 107 70
285 9 37
286 36 117
287 99 86
288 55 80
289 2 113
290 72 8
291 39 16
292 94 81
293 49 86
294 72 49
295 28 22
296 63 7
297 95 91
298 89 109
299 68 5
300 86 90
301 17 45
302 27 57
303 97 109
304 76 65
305 85 36
306 118 6
307 74 57
308 2 12
309 85 120
310 76 29
311 58 54
312 115 63
313 57 30
314 6 22
315 19 112
316 65 115
317 34 101
318 108 12
319 13 96
320 2 74
321 29 120
322 8 67
323 66 40
324 71 11
325 112 9
326 78 24
327 114 18
328 60 80
329 49 36
330 51 67
331 64 73
332 91 82
333 114 51
334 89 113
335 87 120
336 37 28
337 1 87
338 49 77
339 73 26
340 79 52
341 101 4
342 37 34
343 19 97
344 112 29
345 38 62
346 46 36
347 12 120
348 77 31
349 91 118
350 45 60
351 55 56
352 106 71
353 92 78
354 36 10
355 63 35
356 107 15
357 49 38
358 73 53
359 14 42
360 80 101
361 101 57
362 30 75
363 53 105
364 39 93
365 43 55
366 111 84
367 120 57
368 26 105
