135 2899 314
0 3
1 2
2 5
3 1
4 4
5 4
6 2
7 1
8 5
9 3
10 1
11 4
12 3
13 1
14 3
15 1
16 2
17 5
18 4
19 3
20 3
21 3
22 4
23 4
24 3
25 5
26 4
27 1
28 4
29 1
30 2
31 5
32 4
33 1
34 2
35 4
36 4
37 2
38 1
39 1
40 3
41 2
42 4
43 3
44 5
45 5
46 1
47 2
48 3
49 3
50 1
51 4
52 4
53 1
54 4
55 3
56 1
57 5
58 2
59 2
60 3
61 4
62 5
63 1
64 5
65 3
66 2
67 4
68 3
69 1
70 3
71 4
72 1
73 1
74 3
75 1
76 3
77 4
78 1
79 5
80 4
81 5
82 3
83 1
84 2
85 3
86 2
87 1
88 2
89 5
90 2
91 1
92 2
93 4
94 1
95 2
96 1
97 3
98 4
99 3
100 4
101 1
102 5
103 2
104 5
105 5
106 2
107 3
108 4
109 1
110 3
111 4
112 2
113 1
114 4
115 5
116 3
117 2
118 1
119 1
120 4
121 4
122 2
123 4
124 2
125 3
126 5
127 1
128 5
129 5
130 2
131 2
132 3
133 4
134 2
0 31 23 3
1 59 104 3
2 53 53 3
3 128 50 5
4 79 24 4
5 29 22 1
6 99 111 5
7 49 33 1
8 28 24 4
9 57 82 2
10 122 53 1
11 42 82 2
12 72 23 3
13 128 22 2
14 106 36 3
15 7 86 2
16 112 39 1
17 2 100 2
18 7 21 2
19 65 62 1
20 89 62 3
21 27 94 5
22 80 71 3
23 104 77 2
24 86 54 5
25 85 22 3
26 26 130 1
27 25 125 5
28 68 130 2
29 9 125 3
30 49 115 3
31 55 69 4
32 130 92 2
33 41 122 2
34 1 119 2
35 43 85 1
36 5 27 4
37 12 117 3
38 129 104 5
39 69 52 5
40 88 50 3
41 114 72 1
42 15 19 5
43 24 10 3
44 30 20 2
45 74 55 5
46 107 38 1
47 114 53 2
48 38 39 4
49 104 118 1
50 44 100 5
51 104 63 5
52 67 100 3
53 38 91 1
54 110 11 3
55 106 103 5
56 76 12 4
57 77 71 2
58 111 22 5
59 115 112 3
60 3 104 2
61 37 31 5
62 95 65 4
63 107 17 4
64 78 25 1
65 80 56 2
66 121 121 3
67 119 62 5
68 116 113 1
69 105 130 3
70 71 47 1
71 3 109 4
72 110 104 1
73 56 111 3
74 27 10 2
75 23 56 4
76 44 127 3
77 125 29 5
78 22 124 5
79 73 105 1
80 109 79 2
81 126 39 1
82 112 23 3
83 5 88 4
84 78 0 3
85 133 105 5
86 35 91 4
87 15 35 4
88 130 114 1
89 54 115 3
90 94 52 2
91 95 108 2
92 30 118 1
93 37 75 5
94 18 117 5
95 64 50 3
96 133 118 3
97 75 125 5
98 46 10 2
99 100 59 1
100 2 25 5
101 79 65 4
102 52 13 4
103 118 114 5
104 111 111 5
105 89 116 3
106 44 117 1
107 111 100 4
108 88 53 5
109 81 111 3
110 48 44 2
111 96 99 1
112 38 119 4
113 108 84 4
114 101 9 1
115 46 68 4
116 126 71 5
117 21 123 5
118 3 91 5
119 101 18 1
120 46 108 4
121 71 76 4
122 35 68 1
123 28 125 5
124 22 15 5
125 89 131 5
126 10 83 4
127 54 18 2
128 35 51 2
129 134 4 5
130 29 11 1
131 129 86 3
132 98 66 1
133 20 14 5
134 34 44 1
135 9 1 5
136 13 61 1
137 116 24 2
138 52 49 4
139 19 109 4
140 42 95 5
141 107 83 4
142 14 105 1
143 6 85 1
144 54 57 3
145 30 88 3
146 120 11 4
147 115 124 2
148 27 17 1
149 39 110 1
150 97 131 4
151 125 40 5
152 94 96 3
153 124 45 3
154 16 41 2
155 41 46 3
156 15 38 3
157 26 30 5
158 7 117 3
159 25 48 2
160 90 116 3
161 45 108 1
162 127 116 4
163 99 126 3
164 15 87 2
165 72 61 2
166 86 38 5
167 92 27 4
168 93 27 3
169 104 126 4
170 7 42 5
171 64 30 5
172 123 133 3
173 117 64 5
174 17 67 4
175 110 12 2
176 36 33 5
177 19 120 1
178 83 130 3
179 12 102 3
180 23 80 4
181 123 22 5
182 108 96 1
183 16 34 4
184 3 17 2
185 27 82 5
186 65 11 2
187 126 92 4
188 2 50 5
189 130 127 4
190 123 26 5
191 133 79 3
192 10 5 2
193 112 14 4
194 7 15 1
195 16 103 5
196 83 37 1
197 49 45 3
198 80 116 3
199 87 34 4
200 125 61 4
201 134 106 2
202 74 2 4
203 68 90 5
204 89 84 5
205 103 110 3
206 17 23 4
207 99 31 5
208 87 116 1
209 10 14 1
210 26 10 4
211 94 13 2
212 40 21 2
213 131 59 1
214 22 105 4
215 75 121 5
216 53 35 2
217 24 43 5
218 21 78 4
219 130 113 3
220 21 82 1
221 65 112 2
222 27 129 4
223 2 107 3
224 9 44 2
225 84 98 1
226 121 28 1
227 128 84 2
228 30 28 1
229 117 128 4
230 71 2 1
231 32 73 3
232 43 125 5
233 46 59 2
234 120 73 3
235 37 92 2
236 57 86 1
237 68 43 2
238 98 98 4
239 28 62 2
240 48 18 3
241 74 94 1
242 120 14 5
243 133 29 1
244 40 132 3
245 21 124 4
246 117 38 5
247 40 46 4
248 111 74 1
249 76 111 4
250 63 121 1
251 102 6 5
252 60 78 3
253 25 114 2
254 133 84 1
255 57 68 3
256 95 106 3
257 70 121 1
258 105 123 5
259 77 21 2
260 29 112 2
261 14 2 2
262 41 47 3
263 49 123 4
264 29 108 3
265 95 71 3
266 51 30 5
267 127 61 4
268 121 37 3
269 31 122 2
270 41 38 1
271 126 27 2
272 106 24 2
273 61 102 2
274 89 15 3
275 19 50 3
276 131 75 5
277 40 40 3
278 22 76 4
279 64 126 2
280 99 29 4
281 13 82 3
282 94 97 3
283 120 134 4
284 82 41 5
285 7 39 3
286 2 2 5
287 61 47 2
288 85 118 3
289 111 29 5
290 5 54 1
291 106 131 1
292 105 122 5
293 116 45 2
294 66 54 5
295 114 41 1
296 4 112 4
297 116 68 5
298 99 26 2
299 93 57 5
300 129 99 1
301 13 53 4
302 120 98 4
303 108 100 5
304 82 52 2
305 18 6 3
306 89 41 2
307 125 4 2
308 118 56 5
309 48 21 1
310 2 5 2
311 78 103 1
312 113 82 3
313 84 92 1
314 22 28 5
315 73 87 1
316 26 25 4
317 56 117 5
318 11 50 1
319 75 44 4
320 123 83 3
321 103 100 1
322 132 16 4
323 104 23 4
324 60 112 5
325 2 29 1
326 26 111 5
327 20 41 4
328 45 129 1
329 83 35 1
330 58 62 2
331 32 120 3
332 10 107 2
333 126 125 4
334 23 70 2
335 26 28 3
336 43 102 3
337 113 46 1
338 86 32 2
339 79 116 4
340 119 88 1
341 24 12 2
342 87 32 1
343 79 70 4
344 79 61 2
345 133 59 4
346 128 93 3
347 47 109 3
348 134 11 4
349 16 17 3
350 81 57 5
351 74 127 2
352 120 79 5
353 82 49 5
354 35 43 1
355 47 90 1
356 41 77 1
357 59 56 1
358 27 81 5
359 16 26 5
360 40 20 5
361 84 56 3
362 17 5 4
363 101 29 4
364 47 20 4
365 12 121 2
366 128 48 4
367 97 58 5
368 127 85 3
369 12 93 2
370 80 6 4
371 88 124 5
372 91 75 5
373 112 18 1
374 22 102 4
375 101 57 5
376 97 102 5
377 92 22 2
378 9 46 4
379 89 12 1
380 14 121 3
381 30 93 1
382 33 66 2
383 66 30 3
384 112 47 4
385 93 74 5
386 40 92 2
387 29 1 4
388 130 41 3
389 84 59 1
390 43 86 2
391 17 24 1
392 127 76 2
393 129 70 5
394 98 39 4
395 74 33 2
396 103 67 5
397 126 124 4
398 31 124 1
399 114 7 3
400 73 134 5
401 93 112 3
402 130 22 2
403 18 40 5
404 9 116 3
405 70 35 1
406 98 103 4
407 86 60 4
408 45 45 3
409 62 82 5
410 63 69 2
411 110 122 2
412 88 39 4
413 116 23 2
414 117 129 5
415 18 34 1
416 114 127 3
417 103 31 3
418 83 21 3
419 108 92 4
420 32 26 4
421 79 87 3
422 58 128 1
423 100 37 1
424 43 25 3
425 98 13 2
426 67 36 3
427 130 8 1
428 106 73 4
429 88 75 4
430 38 122 1
431 39 74 1
432 133 63 5
433 44 109 4
434 124 9 2
435 28 76 5
436 133 115 3
437 126 130 4
438 101 102 3
439 60 68 4
440 98 97 5
441 73 74 5
442 54 97 5
443 51 29 1
444 0 52 5
445 11 51 5
446 17 100 2
447 104 67 5
448 86 61 3
449 4 69 2
450 6 13 5
451 38 115 3
452 88 46 4
453 75 86 5
454 59 30 3
455 17 37 5
456 51 96 5
457 134 23 1
458 41 3 4
459 48 42 3
460 55 100 2
461 96 34 1
462 61 124 2
463 114 81 4
464 120 52 1
465 37 36 2
466 78 43 2
467 79 134 4
468 68 67 1
469 108 13 2
470 130 128 2
471 97 133 5
472 31 0 1
473 19 19 3
474 3 92 3
475 101 61 2
476 9 19 4
477 0 38 1
478 109 107 4
479 121 128 3
480 47 75 5
481 116 78 4
482 100 0 1
483 27 85 1
484 50 3 1
485 91 74 1
486 73 13 3
487 64 58 3
488 94 10 1
489 131 80 4
490 26 48 3
491 98 2 4
492 47 100 4
493 85 88 2
494 18 116 2
495 23 47 3
496 44 59 1
497 64 15 2
498 93 115 4
499 74 68 5
500 94 65 2
501 70 38 5
502 25 119 5
503 8 19 4
504 127 113 1
505 132 99 5
506 85 94 5
507 111 117 5
508 31 4 3
509 3 19 2
510 71 18 2
511 82 37 2
512 111 122 4
513 24 55 1
514 121 60 1
515 130 2 3
516 54 12 5
517 106 2 3
518 107 22 2
519 106 64 4
520 0 131 5
521 41 99 1
522 91 44 4
523 59 68 4
524 1 122 2
525 69 17 5
526 122 99 5
527 117 47 3
528 122 30 3
529 113 37 1
530 131 65 4
531 99 66 3
532 7 98 4
533 92 45 4
534 102 28 3
535 36 107 1
536 44 13 3
537 2 67 3
538 22 25 4
539 10 50 2
540 89 29 1
541 63 93 1
542 70 16 2
543 59 42 2
544 110 106 1
545 6 35 3
546 37 89 2
547 26 47 4
548 9 77 4
549 11 112 1
550 42 113 4
551 11 125 1
552 58 111 5
553 4 34 3
554 8 12 3
555 1 61 3
556 0 4 4
557 69 59 2
558 97 116 2
559 45 33 3
560 107 53 4
561 112 30 5
562 42 106 4
563 93 102 3
564 82 12 3
565 4 97 2
566 27 71 5
567 97 45 2
568 37 46 2
569 11 102 2
570 107 67 1
571 62 11 2
572 90 86 2
573 126 36 2
574 115 13 5
575 88 134 1
576 38 58 1
577 10 57 2
578 29 23 1
579 65 118 1
580 125 134 3
581 56 127 1
582 74 8 4
583 1 31 4
584 91 51 4
585 35 38 2
586 55 75 1
587 19 122 5
588 39 14 2
589 58 71 4
590 22 27 2
591 101 3 4
592 117 82 1
593 74 26 3
594 84 13 5
595 61 81 4
596 96 38 2
597 81 109 1
598 67 119 5
599 112 63 4
600 75 64 3
601 59 115 4
602 134 91 1
603 97 41 2
604 72 18 5
605 11 17 4
606 80 10 1
607 62 129 5
608 12 14 3
609 9 39 3
610 93 31 1
611 4 18 3
612 4 109 3
613 54 112 4
614 102 34 1
615 65 108 2
616 32 9 3
617 46 127 5
618 118 128 1
619 3 120 3
620 74 13 5
621 134 0 2
622 0 45 3
623 71 89 1
624 24 109 4
625 77 0 4
626 122 74 4
627 20 100 1
628 57 42 5
629 54 17 4
630 1 99 5
631 109 70 4
632 115 89 3
633 55 87 3
634 5 121 5
635 117 126 2
636 118 98 5
637 6 56 4
638 49 1 2
639 93 54 1
640 108 62 1
641 127 28 5
642 64 24 3
643 118 117 4
644 3 126 1
645 72 125 1
646 120 35 5
647 50 57 2
648 80 15 4
649 45 51 2
650 5 73 3
651 48 71 4
652 19 70 1
653 88 121 3
654 50 38 3
655 57 0 2
656 99 21 4
657 45 24 4
658 81 53 3
659 133 48 4
660 107 68 4
661 56 44 4
662 5 36 2
663 86 84 3
664 79 2 3
665 55 93 3
666 97 19 5
667 3 128 2
668 124 6 3
669 4 110 5
670 28 21 5
671 6 127 4
672 128 106 5
673 13 56 5
674 100 27 3
675 56 100 4
676 122 42 2
677 44 36 5
678 58 26 3
679 131 29 3
680 133 67 5
681 0 54 3
682 85 100 3
683 119 66 5
684 96 121 5
685 124 66 1
686 79 38 4
687 55 77 5
688 48 72 3
689 15 103 5
690 110 23 4
691 124 55 4
692 30 33 2
693 4 98 2
694 48 57 5
695 115 128 4
696 70 0 1
697 91 58 1
698 34 43 3
699 128 112 3
700 46 116 5
701 60 15 2
702 59 102 1
703 2 64 3
704 43 51 4
705 88 133 1
706 85 33 4
707 97 113 3
708 82 127 4
709 117 93 2
710 30 127 2
711 115 47 3
712 86 121 3
713 96 118 2
714 48 7 4
715 117 67 3
716 57 124 5
717 15 127 4
718 108 30 4
719 66 116 1
720 131 39 2
721 118 17 2
722 118 52 4
723 39 116 4
724 69 70 1
725 34 127 1
726 25 41 3
727 112 45 1
728 104 98 1
729 13 33 1
730 133 26 2
731 134 6 4
732 108 101 1
733 96 62 3
734 60 101 3
735 3 129 3
736 118 120 2
737 104 101 1
738 55 22 5
739 75 122 2
740 96 89 3
741 19 133 1
742 80 99 3
743 132 93 3
744 73 90 4
745 1 55 4
746 62 134 4
747 125 19 5
748 63 39 2
749 55 18 3
750 42 36 2
751 129 1 1
752 88 64 5
753 9 74 2
754 3 0 3
755 35 26 5
756 112 1 3
757 127 10 3
758 95 115 1
759 55 58 5
760 130 119 1
761 20 95 1
762 105 66 1
763 96 87 5
764 110 67 1
765 50 37 2
766 108 79 1
767 49 22 2
768 94 129 4
769 122 123 4
770 32 30 4
771 30 7 2
772 32 47 4
773 107 5 2
774 50 6 4
775 17 62 1
776 129 40 4
777 32 55 1
778 133 80 5
779 108 69 3
780 20 9 4
781 113 105 2
782 65 107 4
783 8 125 4
784 9 90 3
785 12 96 2
786 95 91 5
787 106 113 4
788 82 72 4
789 99 2 4
790 114 91 5
791 48 121 5
792 20 0 4
793 86 3 5
794 71 127 1
795 105 134 1
796 66 1 1
797 108 44 2
798 40 36 5
799 127 19 2
800 123 129 4
801 47 84 2
802 80 0 4
803 42 23 5
804 21 120 3
805 40 111 5
806 95 119 5
807 18 100 4
808 73 2 1
809 50 24 2
810 74 80 4
811 16 131 5
812 11 4 3
813 123 113 2
814 11 13 1
815 88 83 3
816 131 76 3
817 3 85 3
818 65 121 3
819 111 95 4
820 67 16 4
821 72 98 2
822 44 23 4
823 2 34 4
824 114 0 3
825 102 79 2
826 64 39 4
827 42 69 4
828 25 52 4
829 67 43 4
830 91 16 4
831 92 114 2
832 82 102 5
833 11 24 5
834 134 8 1
835 24 89 4
836 72 7 3
837 34 39 3
838 61 75 4
839 117 48 1
840 13 23 1
841 1 57 5
842 50 69 3
843 35 41 5
844 105 106 2
845 113 61 3
846 128 86 1
847 26 22 3
848 21 112 4
849 63 17 4
850 5 9 5
851 21 59 5
852 126 33 1
853 106 3 1
854 29 90 5
855 118 68 3
856 85 104 3
857 33 114 1
858 13 106 2
859 99 118 1
860 131 26 2
861 49 38 3
862 95 31 3
863 70 101 5
864 90 56 2
865 53 69 3
866 19 69 3
867 108 4 2
868 101 129 5
869 93 35 3
870 125 13 2
871 33 91 3
872 51 107 4
873 125 27 4
874 129 57 1
875 72 117 3
876 110 78 5
877 124 113 2
878 86 99 1
879 56 60 1
880 21 110 5
881 76 130 3
882 82 20 3
883 58 124 1
884 81 16 3
885 6 67 2
886 31 65 2
887 32 31 5
888 23 94 5
889 12 74 1
890 85 99 1
891 64 69 4
892 49 61 1
893 71 28 3
894 117 69 1
895 49 131 5
896 8 78 3
897 60 11 1
898 43 91 1
899 43 22 5
900 23 130 4
901 109 7 4
902 93 94 1
903 12 51 5
904 48 64 4
905 111 73 5
906 118 44 2
907 39 106 3
908 17 110 1
909 97 68 3
910 95 40 1
911 132 94 4
912 65 19 3
913 93 70 2
914 11 34 1
915 79 118 1
916 131 115 3
917 85 59 1
918 36 26 5
919 113 95 5
920 101 128 2
921 24 8 4
922 10 116 4
923 0 6 4
924 46 51 5
925 35 74 2
926 58 126 2
927 83 48 1
928 1 2 5
929 10 55 4
930 104 131 2
931 77 127 1
932 22 30 3
933 25 1 1
934 12 79 5
935 101 123 5
936 117 81 3
937 24 1 4
938 115 80 1
939 130 110 2
940 32 96 1
941 15 71 4
942 114 29 2
943 29 26 2
944 131 94 4
945 36 6 4
946 103 115 2
947 6 99 5
948 72 54 4
949 55 8 2
950 106 68 5
951 29 127 4
952 12 109 2
953 90 39 4
954 64 28 4
955 78 65 4
956 21 46 2
957 12 36 5
958 116 110 5
959 79 27 3
960 81 1 2
961 84 64 2
962 94 130 3
963 115 3 5
964 94 94 5
965 77 24 4
966 96 100 1
967 60 92 1
968 87 66 5
969 17 13 2
970 65 69 2
971 27 36 4
972 31 11 2
973 80 123 2
974 87 56 4
975 132 43 2
976 50 98 2
977 111 54 2
978 63 18 1
979 10 98 2
980 122 56 5
981 62 25 1
982 89 26 3
983 105 57 3
984 42 60 4
985 38 13 2
986 59 39 4
987 99 48 4
988 40 8 1
989 50 34 1
990 108 1 1
991 10 9 5
992 63 7 1
993 111 9 1
994 94 98 3
995 69 80 2
996 75 40 4
997 77 25 1
998 91 77 4
999 92 123 4
1000 27 59 2
1001 109 74 5
1002 74 112 2
1003 126 82 5
1004 59 110 3
1005 8 5 2
1006 75 8 3
1007 22 77 4
1008 88 27 5
1009 4 37 5
1010 48 111 5
1011 128 79 5
1012 6 31 2
1013 14 85 5
1014 97 63 5
1015 101 26 2
1016 69 127 4
1017 90 62 2
1018 91 100 5
1019 115 127 3
1020 57 23 3
1021 38 109 3
1022 29 58 3
1023 87 93 5
1024 119 76 4
1025 117 75 3
1026 98 14 2
1027 125 81 2
1028 8 27 1
1029 66 69 2
1030 21 25 5
1031 97 33 5
1032 128 28 2
1033 62 98 3
1034 54 88 5
1035 19 91 3
1036 127 70 1
1037 23 60 5
1038 45 21 4
1039 133 98 1
1040 61 7 3
1041 117 61 5
1042 93 111 3
1043 61 105 5
1044 82 87 5
1045 43 89 2
1046 60 116 1
1047 13 34 4
1048 47 47 2
1049 124 54 1
1050 70 132 2
1051 77 121 3
1052 89 17 2
1053 82 7 4
1054 108 60 2
1055 63 134 5
1056 52 74 5
1057 29 106 5
1058 79 76 2
1059 44 63 1
1060 44 44 3
1061 75 25 2
1062 0 63 1
1063 57 19 3
1064 104 99 2
1065 6 72 4
1066 84 36 1
1067 7 118 4
1068 57 109 4
1069 26 97 1
1070 46 133 3
1071 40 87 3
1072 74 74 1
1073 105 120 1
1074 124 20 3
1075 108 15 1
1076 86 46 2
1077 69 21 2
1078 58 66 2
1079 56 18 3
1080 31 117 3
1081 51 39 3
1082 61 134 1
1083 85 71 1
1084 88 3 4
1085 110 84 2
1086 75 67 2
1087 36 58 2
1088 96 56 1
1089 90 129 4
1090 56 112 4
1091 40 134 3
1092 60 14 4
1093 51 87 2
1094 81 71 3
1095 48 48 3
1096 27 21 5
1097 73 100 3
1098 66 17 2
1099 76 128 1
1100 31 27 1
1101 0 16 2
1102 56 106 3
1103 111 38 1
1104 114 2 4
1105 91 110 5
1106 63 100 2
1107 65 122 2
1108 69 86 2
1109 32 93 4
1110 96 72 3
1111 52 12 4
1112 64 35 1
1113 116 71 3
1114 33 99 4
1115 80 114 4
1116 128 21 4
1117 127 0 5
1118 129 110 1
1119 84 127 2
1120 17 124 3
1121 54 94 3
1122 133 129 1
1123 113 107 4
1124 128 12 2
1125 43 65 5
1126 96 16 4
1127 107 88 2
1128 97 10 5
1129 104 100 5
1130 127 35 1
1131 49 30 3
1132 28 48 1
1133 35 1 1
1134 57 30 2
1135 48 11 1
1136 103 72 2
1137 64 110 3
1138 48 51 4
1139 70 75 2
1140 21 32 4
1141 113 11 1
1142 0 87 4
1143 76 115 2
1144 60 21 4
1145 20 84 5
1146 104 134 1
1147 66 34 5
1148 3 26 1
1149 18 10 4
1150 98 48 3
1151 128 44 3
1152 39 15 5
1153 86 33 3
1154 119 80 1
1155 127 45 4
1156 30 110 5
1157 35 32 2
1158 99 125 2
1159 122 20 4
1160 84 5 2
1161 124 102 4
1162 91 29 3
1163 13 91 3
1164 90 104 4
1165 127 109 4
1166 96 74 3
1167 14 5 1
1168 15 76 5
1169 89 69 1
1170 40 28 1
1171 59 97 4
1172 3 20 1
1173 133 34 1
1174 117 60 4
1175 93 90 4
1176 3 107 3
1177 59 6 5
1178 107 34 1
1179 53 18 2
1180 25 101 5
1181 38 95 5
1182 59 58 4
1183 14 95 3
1184 88 130 2
1185 127 117 5
1186 37 27 5
1187 133 21 4
1188 70 26 1
1189 11 105 4
1190 0 102 1
1191 43 83 2
1192 105 112 4
1193 94 68 2
1194 117 63 1
1195 82 36 3
1196 19 52 2
1197 126 5 1
1198 11 49 4
1199 110 105 3
1200 106 6 2
1201 27 95 2
1202 3 57 5
1203 125 3 1
1204 40 112 3
1205 132 85 5
1206 96 2 5
1207 116 4 1
1208 88 1 5
1209 110 8 3
1210 82 106 1
1211 0 109 3
1212 50 79 2
1213 86 42 1
1214 72 31 3
1215 17 112 3
1216 51 105 1
1217 75 19 5
1218 112 90 2
1219 55 120 4
1220 121 112 4
1221 36 70 5
1222 92 106 5
1223 25 65 1
1224 54 3 4
1225 53 60 2
1226 89 105 5
1227 86 83 5
1228 26 118 1
1229 124 104 4
1230 38 56 4
1231 126 15 5
1232 22 86 2
1233 80 76 1
1234 97 39 2
1235 51 56 5
1236 7 11 3
1237 3 10 5
1238 58 5 3
1239 100 119 3
1240 70 2 1
1241 94 111 1
1242 116 99 2
1243 115 119 5
1244 120 68 2
1245 10 123 5
1246 110 69 3
1247 45 7 1
1248 100 23 2
1249 71 107 1
1250 18 76 4
1251 23 103 1
1252 26 72 5
1253 75 63 2
1254 11 93 4
1255 77 47 3
1256 100 29 2
1257 20 65 4
1258 115 26 1
1259 12 125 4
1260 105 28 5
1261 19 63 3
1262 56 33 4
1263 124 114 1
1264 11 73 3
1265 34 108 5
1266 65 68 3
1267 22 45 5
1268 47 70 5
1269 74 123 5
1270 0 13 3
1271 78 96 4
1272 73 82 5
1273 75 84 4
1274 59 119 2
1275 130 84 4
1276 123 48 2
1277 104 74 5
1278 117 79 2
1279 134 128 1
1280 43 47 1
1281 36 43 3
1282 100 77 3
1283 47 27 4
1284 13 79 3
1285 84 114 4
1286 5 67 4
1287 23 74 3
1288 37 106 3
1289 66 15 3
1290 74 22 3
1291 64 59 2
1292 29 124 2
1293 27 66 4
1294 47 57 5
1295 129 53 3
1296 131 62 1
1297 91 34 1
1298 42 53 3
1299 48 74 2
1300 33 46 1
1301 87 16 2
1302 23 27 2
1303 129 55 3
1304 28 85 5
1305 9 54 1
1306 23 129 5
1307 50 8 4
1308 117 109 4
1309 38 130 1
1310 64 121 5
1311 44 70 1
1312 128 41 3
1313 119 57 1
1314 38 128 4
1315 87 11 3
1316 83 69 5
1317 59 79 4
1318 91 68 1
1319 117 133 4
1320 115 98 1
1321 129 126 1
1322 71 29 3
1323 69 93 5
1324 78 22 4
1325 128 66 4
1326 50 107 5
1327 129 49 4
1328 37 52 4
1329 55 96 1
1330 71 41 2
1331 77 81 1
1332 44 18 4
1333 124 62 3
1334 64 120 2
1335 32 67 5
1336 74 134 3
1337 79 130 3
1338 125 36 2
1339 1 64 5
1340 76 104 3
1341 114 39 2
1342 52 34 2
1343 56 19 2
1344 90 36 3
1345 49 90 1
1346 108 103 3
1347 126 61 4
1348 117 46 5
1349 65 100 3
1350 92 30 4
1351 13 55 5
1352 52 102 5
1353 46 46 2
1354 53 38 3
1355 32 62 3
1356 12 63 2
1357 54 63 5
1358 104 35 3
1359 79 80 1
1360 11 23 1
1361 15 75 4
1362 69 15 3
1363 34 70 4
1364 47 86 5
1365 75 83 3
1366 72 70 4
1367 61 60 1
1368 65 67 4
1369 56 31 5
1370 20 115 2
1371 70 29 2
1372 30 94 1
1373 35 24 3
1374 101 49 3
1375 4 95 1
1376 47 73 1
1377 87 9 3
1378 88 25 3
1379 73 107 5
1380 29 129 4
1381 19 24 1
1382 73 83 3
1383 79 74 4
1384 7 113 4
1385 28 131 5
1386 71 65 2
1387 12 118 4
1388 64 43 4
1389 0 58 3
1390 9 15 5
1391 54 98 1
1392 28 111 1
1393 54 80 3
1394 120 99 4
1395 8 81 2
1396 114 85 1
1397 1 51 1
1398 84 116 1
1399 20 6 1
1400 126 88 4
1401 28 114 3
1402 73 60 4
1403 51 77 2
1404 11 9 1
1405 96 92 4
1406 4 15 5
1407 75 11 4
1408 83 13 3
1409 21 16 1
1410 2 7 4
1411 127 110 5
1412 59 28 5
1413 111 10 4
1414 80 22 4
1415 100 1 1
1416 54 54 4
1417 69 41 2
1418 24 78 3
1419 24 67 4
1420 101 0 2
1421 9 115 5
1422 19 36 2
1423 11 3 5
1424 83 119 2
1425 80 42 5
1426 96 96 2
1427 71 35 5
1428 48 73 3
1429 45 98 2
1430 80 84 4
1431 66 4 2
1432 86 133 2
1433 96 3 5
1434 3 66 2
1435 30 103 1
1436 6 37 5
1437 27 65 3
1438 130 69 5
1439 38 1 1
1440 124 47 5
1441 100 3 1
1442 94 20 2
1443 7 70 4
1444 46 0 1
1445 44 78 2
1446 104 40 5
1447 113 9 4
1448 3 46 5
1449 80 9 2
1450 106 132 5
1451 68 129 4
1452 92 32 1
1453 31 45 1
1454 44 17 1
1455 44 24 3
1456 21 12 2
1457 19 102 2
1458 29 88 4
1459 104 25 3
1460 90 7 1
1461 53 31 5
1462 127 40 2
1463 76 124 2
1464 125 65 1
1465 60 103 4
1466 72 97 1
1467 10 86 5
1468 134 131 4
1469 45 20 5
1470 33 133 3
1471 81 65 1
1472 41 84 2
1473 80 45 1
1474 71 36 5
1475 79 69 2
1476 85 65 4
1477 69 43 3
1478 26 59 3
1479 101 42 5
1480 88 96 5
1481 52 104 1
1482 113 120 5
1483 25 56 1
1484 50 97 2
1485 38 88 2
1486 8 109 3
1487 93 75 3
1488 109 68 5
1489 21 62 5
1490 63 28 5
1491 125 82 1
1492 9 43 5
1493 122 97 4
1494 130 12 1
1495 4 111 4
1496 75 48 1
1497 128 113 4
1498 80 7 1
1499 14 119 3
1500 85 46 5
1501 29 57 1
1502 50 7 4
1503 88 128 2
1504 15 68 5
1505 5 32 1
1506 3 103 4
1507 8 121 4
1508 99 103 5
1509 126 126 3
1510 75 95 5
1511 11 59 5
1512 34 8 5
1513 59 122 4
1514 41 1 4
1515 18 96 2
1516 20 77 5
1517 59 31 5
1518 49 63 1
1519 57 115 5
1520 21 111 2
1521 5 125 1
1522 12 100 2
1523 90 33 2
1524 39 78 4
1525 45 75 2
1526 91 10 2
1527 39 76 2
1528 49 60 4
1529 88 87 5
1530 21 106 3
1531 12 119 2
1532 34 56 1
1533 109 103 5
1534 40 83 1
1535 43 27 4
1536 39 67 2
1537 32 122 5
1538 43 6 3
1539 8 11 1
1540 87 53 2
1541 31 17 1
1542 118 95 2
1543 100 53 5
1544 90 87 2
1545 113 17 2
1546 3 15 5
1547 122 55 4
1548 70 46 5
1549 19 100 5
1550 129 129 1
1551 36 121 4
1552 128 129 4
1553 83 64 5
1554 6 11 3
1555 125 1 5
1556 37 65 1
1557 72 134 5
1558 128 99 4
1559 105 91 5
1560 78 97 4
1561 114 131 5
1562 114 63 5
1563 94 36 3
1564 25 58 5
1565 10 119 5
1566 45 95 5
1567 92 100 2
1568 69 119 4
1569 38 11 3
1570 130 82 4
1571 124 118 4
1572 35 111 2
1573 97 66 3
1574 93 33 5
1575 122 34 5
1576 98 107 1
1577 72 113 3
1578 7 94 3
1579 72 36 4
1580 33 24 1
1581 79 63 4
1582 15 15 5
1583 25 100 1
1584 119 110 4
1585 29 117 3
1586 4 88 5
1587 7 81 4
1588 63 10 4
1589 40 102 4
1590 17 131 4
1591 58 58 1
1592 69 9 2
1593 12 71 5
1594 62 103 5
1595 75 36 4
1596 69 28 2
1597 60 1 2
1598 48 97 3
1599 42 50 5
1600 52 52 3
1601 49 32 2
1602 31 92 2
1603 19 83 5
1604 77 98 2
1605 40 73 4
1606 50 51 4
1607 29 7 5
1608 32 51 1
1609 26 40 3
1610 48 87 2
1611 27 120 1
1612 71 45 2
1613 26 67 1
1614 98 51 1
1615 131 31 2
1616 3 67 5
1617 6 7 3
1618 130 73 3
1619 102 54 4
1620 5 71 3
1621 19 20 2
1622 70 102 4
1623 75 29 4
1624 24 42 2
1625 56 0 5
1626 43 108 5
1627 35 116 4
1628 78 109 2
1629 101 118 5
1630 72 128 5
1631 9 119 5
1632 112 73 5
1633 101 24 2
1634 8 72 3
1635 42 98 5
1636 61 37 1
1637 126 110 1
1638 68 41 1
1639 109 96 4
1640 100 84 5
1641 36 79 2
1642 52 27 1
1643 99 127 1
1644 89 60 2
1645 27 103 1
1646 35 7 1
1647 63 71 4
1648 22 94 3
1649 61 27 2
1650 76 72 1
1651 24 53 5
1652 54 50 3
1653 133 61 2
1654 131 41 4
1655 15 62 2
1656 35 16 1
1657 22 39 5
1658 63 35 3
1659 15 91 3
1660 17 106 2
1661 111 97 3
1662 118 103 2
1663 103 55 5
1664 79 113 5
1665 134 69 1
1666 63 120 5
1667 5 74 4
1668 58 94 4
1669 112 43 4
1670 112 85 1
1671 102 60 1
1672 89 87 3
1673 1 48 5
1674 120 48 5
1675 59 117 2
1676 78 4 3
1677 65 26 2
1678 55 130 2
1679 120 49 2
1680 22 103 4
1681 13 50 3
1682 37 76 1
1683 112 26 2
1684 16 124 1
1685 74 116 3
1686 51 6 3
1687 110 86 4
1688 61 5 5
1689 133 47 4
1690 89 28 1
1691 86 134 4
1692 2 37 2
1693 132 114 4
1694 6 100 3
1695 120 26 2
1696 76 53 2
1697 3 24 3
1698 43 107 1
1699 14 56 4
1700 21 79 2
1701 106 51 5
1702 41 57 5
1703 50 44 1
1704 51 8 4
1705 53 9 5
1706 56 103 1
1707 117 40 2
1708 15 130 3
1709 104 111 1
1710 100 10 1
1711 2 87 3
1712 10 33 2
1713 43 72 4
1714 8 38 4
1715 75 113 1
1716 16 98 2
1717 92 29 5
1718 23 51 5
1719 113 104 1
1720 39 36 3
1721 29 19 2
1722 12 3 4
1723 23 22 4
1724 76 117 3
1725 40 13 2
1726 27 111 3
1727 71 31 5
1728 17 82 1
1729 49 57 4
1730 51 64 1
1731 62 102 2
1732 71 100 3
1733 117 89 2
1734 61 128 5
1735 105 98 1
1736 41 52 1
1737 57 72 3
1738 73 52 1
1739 121 97 4
1740 88 114 4
1741 25 30 5
1742 90 15 4
1743 49 126 1
1744 22 0 2
1745 132 48 4
1746 85 85 2
1747 36 45 3
1748 1 126 2
1749 48 14 5
1750 83 109 1
1751 129 72 5
1752 87 109 1
1753 21 64 5
1754 58 119 2
1755 89 121 5
1756 17 122 1
1757 18 103 5
1758 74 105 4
1759 58 63 2
1760 33 104 1
1761 50 126 4
1762 14 45 1
1763 115 48 3
1764 76 16 2
1765 59 59 1
1766 118 20 5
1767 18 20 2
1768 1 128 5
1769 116 40 2
1770 59 86 5
1771 72 56 3
1772 18 42 5
1773 114 93 2
1774 69 40 1
1775 120 107 4
1776 132 8 4
1777 64 27 4
1778 74 11 3
1779 61 43 1
1780 55 73 3
1781 28 75 4
1782 45 37 2
1783 133 5 2
1784 41 105 4
1785 93 64 3
1786 86 127 1
1787 14 21 4
1788 99 134 4
1789 67 122 5
1790 66 131 2
1791 72 101 4
1792 27 102 2
1793 53 110 2
1794 119 118 1
1795 120 114 5
1796 45 42 4
1797 46 5 1
1798 104 132 5
1799 45 2 4
1800 56 125 4
1801 68 42 5
1802 128 14 4
1803 104 37 3
1804 53 46 4
1805 103 129 2
1806 86 114 2
1807 8 17 3
1808 67 73 4
1809 43 128 2
1810 30 5 4
1811 40 37 2
1812 132 24 2
1813 54 49 2
1814 36 85 4
1815 110 3 3
1816 32 13 3
1817 85 58 5
1818 30 8 5
1819 9 12 3
1820 128 77 5
1821 45 6 5
1822 12 108 3
1823 115 91 1
1824 106 62 3
1825 105 104 2
1826 91 126 1
1827 5 89 4
1828 70 73 2
1829 112 78 4
1830 131 36 4
1831 3 1 5
1832 4 115 3
1833 71 129 5
1834 33 96 3
1835 87 38 1
1836 92 85 4
1837 106 25 4
1838 106 108 5
1839 92 79 4
1840 104 65 5
1841 23 28 3
1842 70 83 3
1843 9 94 2
1844 9 34 4
1845 92 88 5
1846 131 109 3
1847 56 129 5
1848 12 106 2
1849 39 41 3
1850 61 82 2
1851 61 16 5
1852 77 133 2
1853 107 125 3
1854 89 76 3
1855 48 37 3
1856 84 29 4
1857 63 81 2
1858 57 58 2
1859 31 107 5
1860 41 42 1
1861 117 103 1
1862 63 26 2
1863 31 87 5
1864 64 37 1
1865 27 90 4
1866 8 79 5
1867 82 6 4
1868 55 94 2
1869 25 28 4
1870 24 2 4
1871 76 46 5
1872 122 16 2
1873 83 59 5
1874 65 75 2
1875 24 125 3
1876 31 28 2
1877 82 83 1
1878 87 33 4
1879 19 30 5
1880 51 68 2
1881 112 130 3
1882 65 39 2
1883 45 11 1
1884 55 106 4
1885 91 21 3
1886 13 2 3
1887 41 134 2
1888 112 82 3
1889 34 0 3
1890 85 69 1
1891 54 53 2
1892 48 12 5
1893 34 23 4
1894 17 71 3
1895 23 61 3
1896 66 21 3
1897 64 114 1
1898 131 18 3
1899 73 80 4
1900 24 102 5
1901 117 107 2
1902 78 38 3
1903 15 115 1
1904 15 1 5
1905 57 125 2
1906 79 89 2
1907 65 54 2
1908 100 62 3
1909 17 19 3
1910 110 90 1
1911 76 90 5
1912 66 28 1
1913 108 118 3
1914 108 132 3
1915 6 70 2
1916 22 3 3
1917 124 128 5
1918 79 23 1
1919 50 106 3
1920 97 9 4
1921 63 89 1
1922 8 85 5
1923 26 62 1
1924 112 51 1
1925 0 9 3
1926 81 40 4
1927 11 119 4
1928 42 51 3
1929 68 133 3
1930 37 131 1
1931 32 41 3
1932 36 66 3
1933 99 65 4
1934 84 125 4
1935 78 47 5
1936 48 3 1
1937 49 2 2
1938 79 98 2
1939 67 82 2
1940 56 92 4
1941 79 55 1
1942 81 98 1
1943 89 124 1
1944 10 131 3
1945 6 38 3
1946 107 25 2
1947 79 71 3
1948 113 28 4
1949 59 118 5
1950 51 73 1
1951 133 116 5
1952 100 32 1
1953 97 18 2
1954 88 95 2
1955 108 77 2
1956 108 7 5
1957 78 87 5
1958 1 78 3
1959 113 0 4
1960 132 83 4
1961 80 132 2
1962 18 118 4
1963 9 75 4
1964 77 58 3
1965 79 51 4
1966 80 117 1
1967 11 32 3
1968 23 3 3
1969 131 117 5
1970 101 63 2
1971 50 43 3
1972 75 111 4
1973 99 112 3
1974 15 111 2
1975 73 72 3
1976 103 73 2
1977 11 117 3
1978 101 45 1
1979 89 112 4
1980 89 98 2
1981 98 73 5
1982 92 71 5
1983 103 65 3
1984 134 70 4
1985 85 73 2
1986 48 131 4
1987 105 116 2
1988 129 102 4
1989 134 50 1
1990 33 33 4
1991 10 126 4
1992 43 5 3
1993 40 24 2
1994 74 53 5
1995 85 83 1
1996 7 44 2
1997 2 93 2
1998 21 80 2
1999 37 11 1
2000 84 106 2
2001 115 87 4
2002 102 125 5
2003 110 79 5
2004 133 55 4
2005 64 64 5
2006 73 118 1
2007 65 92 4
2008 128 51 1
2009 55 64 2
2010 97 2 1
2011 101 53 4
2012 77 46 5
2013 48 40 1
2014 16 86 5
2015 128 108 5
2016 11 10 4
2017 12 19 2
2018 69 111 2
2019 45 40 4
2020 79 14 1
2021 94 76 2
2022 58 28 3
2023 127 92 5
2024 77 12 2
2025 95 0 5
2026 119 107 1
2027 122 100 5
2028 117 25 5
2029 37 111 1
2030 73 27 4
2031 28 122 3
2032 126 105 1
2033 18 86 2
2034 103 131 5
2035 82 35 4
2036 9 122 2
2037 39 8 2
2038 77 37 5
2039 48 76 1
2040 22 131 4
2041 50 115 4
2042 80 29 1
2043 39 87 2
2044 112 69 2
2045 100 100 2
2046 3 78 5
2047 26 54 1
2048 83 9 4
2049 30 83 2
2050 90 24 4
2051 2 58 3
2052 36 86 5
2053 18 70 1
2054 75 26 4
2055 47 111 3
2056 4 60 4
2057 91 132 3
2058 7 25 5
2059 115 23 2
2060 97 85 1
2061 2 129 5
2062 83 97 3
2063 81 87 2
2064 107 80 5
2065 118 94 3
2066 6 68 3
2067 13 60 3
2068 127 89 1
2069 90 126 4
2070 65 9 2
2071 110 128 2
2072 26 92 1
2073 2 86 4
2074 30 126 5
2075 2 68 4
2076 68 63 1
2077 103 101 5
2078 132 68 1
2079 73 35 1
2080 43 110 4
2081 54 89 2
2082 17 98 3
2083 133 64 2
2084 85 96 3
2085 85 81 3
2086 99 82 4
2087 134 108 1
2088 78 114 3
2089 131 81 5
2090 100 113 4
2091 46 123 4
2092 82 58 1
2093 133 12 2
2094 80 19 5
2095 120 74 4
2096 29 28 5
2097 132 65 4
2098 7 103 2
2099 18 105 3
2100 95 126 3
2101 69 32 5
2102 116 47 4
2103 51 117 5
2104 69 106 1
2105 5 44 5
2106 58 87 1
2107 5 112 5
2108 0 64 5
2109 133 31 1
2110 86 112 1
2111 11 86 1
2112 41 88 5
2113 55 29 5
2114 30 85 3
2115 50 74 3
2116 60 120 2
2117 105 49 5
2118 110 85 2
2119 56 62 2
2120 34 55 1
2121 35 101 2
2122 106 43 3
2123 102 15 1
2124 59 125 2
2125 30 98 1
2126 40 78 2
2127 57 111 3
2128 91 76 3
2129 19 39 2
2130 40 62 2
2131 71 6 2
2132 26 42 5
2133 9 31 2
2134 33 77 3
2135 99 53 4
2136 45 103 1
2137 40 66 3
2138 128 70 5
2139 78 94 4
2140 13 51 1
2141 20 76 2
2142 74 21 5
2143 74 121 5
2144 44 16 5
2145 28 104 5
2146 30 45 5
2147 6 9 5
2148 36 81 1
2149 106 94 1
2150 95 51 2
2151 115 2 3
2152 104 39 2
2153 64 44 4
2154 91 81 5
2155 131 30 3
2156 6 114 1
2157 29 38 4
2158 14 13 4
2159 4 121 4
2160 106 11 3
2161 96 53 1
2162 68 126 3
2163 104 20 1
2164 21 43 2
2165 122 98 5
2166 25 81 1
2167 75 3 5
2168 109 60 4
2169 0 120 1
2170 22 17 4
2171 84 32 2
2172 30 119 4
2173 121 67 3
2174 94 115 2
2175 9 68 1
2176 118 105 1
2177 47 54 2
2178 59 95 5
2179 4 106 2
2180 129 113 2
2181 18 134 3
2182 28 51 1
2183 9 126 5
2184 59 29 4
2185 93 6 2
2186 14 33 3
2187 54 114 4
2188 23 83 1
2189 101 33 5
2190 129 25 3
2191 122 33 4
2192 36 133 1
2193 119 20 2
2194 35 87 3
2195 76 26 1
2196 123 103 5
2197 87 110 4
2198 51 94 4
2199 12 67 2
2200 66 62 1
2201 2 48 2
2202 65 28 3
2203 82 119 4
2204 124 129 1
2205 15 6 2
2206 35 18 2
2207 74 31 3
2208 93 129 3
2209 52 119 2
2210 72 33 1
2211 67 27 1
2212 6 41 5
2213 35 31 2
2214 115 43 3
2215 56 101 1
2216 109 9 1
2217 66 91 4
2218 68 19 1
2219 114 83 4
2220 29 115 2
2221 107 102 5
2222 108 88 2
2223 70 90 4
2224 79 99 3
2225 87 25 1
2226 108 8 5
2227 63 72 3
2228 74 25 5
2229 17 108 3
2230 20 28 1
2231 118 121 3
2232 53 93 2
2233 6 40 4
2234 126 128 1
2235 18 68 3
2236 40 41 2
2237 70 70 4
2238 105 62 5
2239 104 29 3
2240 89 82 2
2241 4 53 4
2242 107 89 1
2243 57 100 4
2244 98 34 3
2245 11 77 3
2246 83 57 5
2247 121 122 5
2248 47 87 1
2249 114 20 2
2250 77 1 4
2251 46 128 2
2252 8 7 3
2253 62 77 4
2254 42 117 4
2255 15 23 2
2256 90 134 1
2257 110 50 1
2258 16 127 5
2259 35 72 2
2260 2 78 1
2261 117 99 5
2262 8 65 5
2263 62 19 5
2264 113 36 1
2265 33 54 2
2266 84 11 4
2267 130 47 1
2268 115 109 3
2269 5 59 1
2270 110 66 1
2271 13 7 1
2272 118 36 3
2273 46 129 2
2274 104 15 1
2275 77 56 3
2276 76 122 1
2277 53 52 2
2278 109 34 4
2279 32 52 1
2280 14 58 4
2281 64 5 1
2282 2 31 4
2283 113 67 1
2284 95 72 3
2285 124 8 1
2286 97 92 1
2287 98 83 4
2288 59 10 4
2289 17 74 2
2290 82 111 5
2291 130 97 4
2292 72 37 1
2293 9 81 4
2294 108 3 1
2295 51 67 1
2296 76 77 2
2297 38 77 5
2298 128 68 2
2299 83 77 3
2300 103 24 2
2301 53 48 3
2302 113 39 5
2303 102 132 2
2304 118 15 4
2305 16 29 3
2306 0 68 1
2307 105 131 5
2308 107 26 3
2309 81 42 2
2310 24 26 1
2311 92 115 5
2312 121 39 2
2313 96 124 1
2314 28 34 5
2315 89 46 2
2316 88 36 4
2317 114 44 3
2318 42 14 2
2319 130 28 5
2320 6 123 3
2321 98 8 2
2322 20 7 2
2323 58 41 5
2324 79 9 2
2325 69 12 4
2326 96 5 1
2327 16 72 2
2328 97 79 1
2329 134 85 5
2330 62 36 2
2331 120 76 2
2332 6 128 1
2333 69 133 2
2334 119 53 1
2335 19 46 4
2336 42 67 4
2337 118 31 1
2338 118 82 1
2339 121 23 4
2340 60 34 3
2341 13 28 4
2342 68 12 2
2343 115 10 2
2344 34 115 3
2345 105 77 3
2346 51 14 5
2347 4 14 3
2348 46 26 3
2349 126 100 4
2350 0 29 1
2351 60 70 5
2352 40 91 5
2353 97 119 2
2354 28 112 3
2355 58 72 5
2356 122 61 5
2357 108 133 2
2358 121 73 4
2359 42 28 5
2360 131 50 4
2361 106 77 2
2362 78 41 5
2363 28 91 3
2364 60 125 4
2365 43 15 1
2366 50 15 4
2367 48 92 4
2368 130 115 4
2369 94 31 1
2370 2 77 5
2371 57 102 3
2372 116 44 2
2373 110 72 4
2374 75 60 2
2375 110 102 1
2376 21 86 3
2377 7 17 2
2378 45 90 3
2379 18 43 3
2380 112 24 4
2381 15 121 2
2382 61 115 5
2383 97 44 2
2384 20 56 5
2385 93 50 4
2386 27 86 4
2387 132 115 5
2388 115 73 5
2389 78 7 2
2390 60 47 1
2391 83 94 3
2392 21 105 2
2393 64 90 3
2394 111 8 3
2395 93 7 1
2396 64 107 2
2397 64 22 1
2398 100 31 1
2399 1 76 1
2400 78 74 3
2401 44 96 4
2402 66 125 4
2403 68 20 5
2404 113 35 2
2405 88 99 5
2406 12 7 1
2407 72 4 3
2408 113 31 3
2409 105 4 3
2410 22 41 4
2411 118 67 5
2412 21 117 2
2413 57 107 3
2414 20 131 3
2415 2 81 4
2416 19 84 3
2417 43 131 1
2418 63 43 2
2419 92 35 5
2420 1 117 2
2421 7 43 3
2422 28 81 2
2423 77 118 4
2424 81 81 5
2425 117 34 3
2426 78 72 2
2427 22 20 3
2428 120 90 3
2429 92 52 2
2430 127 36 3
2431 22 18 4
2432 119 102 1
2433 109 90 5
2434 45 118 4
2435 125 21 5
2436 77 72 3
2437 95 17 4
2438 72 30 3
2439 108 20 5
2440 64 18 4
2441 9 84 4
2442 0 50 5
2443 24 72 5
2444 60 118 5
2445 110 55 3
2446 22 6 5
2447 128 62 5
2448 81 95 4
2449 91 1 5
2450 14 123 1
2451 118 113 1
2452 129 74 1
2453 89 129 5
2454 97 71 2
2455 70 103 4
2456 48 114 1
2457 33 58 3
2458 112 19 1
2459 115 77 5
2460 94 71 4
2461 120 84 3
2462 7 116 5
2463 18 13 5
2464 120 53 1
2465 34 26 2
2466 47 97 1
2467 31 102 2
2468 106 117 2
2469 106 30 2
2470 120 15 4
2471 84 103 4
2472 59 88 2
2473 96 65 5
2474 126 108 3
2475 126 24 4
2476 88 18 5
2477 9 55 4
2478 37 97 2
2479 92 117 5
2480 14 96 4
2481 132 17 1
2482 47 129 1
2483 41 95 3
2484 50 21 2
2485 45 17 4
2486 40 97 5
2487 61 62 5
2488 128 128 5
2489 112 118 5
2490 89 32 2
2491 59 71 4
2492 90 44 5
2493 12 37 5
2494 4 126 3
2495 6 121 5
2496 38 121 2
2497 123 64 5
2498 98 93 1
2499 110 95 2
2500 85 47 5
2501 83 7 2
2502 97 93 5
2503 104 82 5
2504 49 107 3
2505 16 133 4
2506 70 42 3
2507 81 130 4
2508 6 24 1
2509 25 25 2
2510 70 112 5
2511 79 78 4
2512 121 22 3
2513 55 19 1
2514 91 121 2
2515 53 133 2
2516 76 42 4
2517 50 78 5
2518 49 91 1
2519 70 62 3
2520 3 58 3
2521 14 64 1
2522 118 87 3
2523 119 6 3
2524 81 107 3
2525 54 59 3
2526 123 99 1
2527 58 114 4
2528 101 96 1
2529 128 127 4
2530 51 44 3
2531 4 21 3
2532 113 45 4
2533 113 53 1
2534 45 34 2
2535 24 36 4
2536 31 14 2
2537 44 37 2
2538 130 87 5
2539 41 65 3
2540 40 79 1
2541 35 109 2
2542 19 45 5
2543 66 38 2
2544 61 18 4
2545 52 55 1
2546 84 0 5
2547 30 125 3
2548 103 2 4
2549 124 19 3
2550 94 99 1
2551 14 83 5
2552 100 50 2
2553 104 88 1
2554 20 15 2
2555 101 30 4
2556 88 90 2
2557 4 41 5
2558 56 50 3
2559 42 33 5
2560 47 58 4
2561 70 12 1
2562 94 121 5
2563 109 126 4
2564 122 115 4
2565 95 5 3
2566 130 77 4
2567 27 56 4
2568 36 25 5
2569 132 46 2
2570 100 109 3
2571 83 32 2
2572 44 31 4
2573 128 133 2
2574 96 54 3
2575 57 94 2
2576 52 63 1
2577 44 68 3
2578 116 12 1
2579 57 108 1
2580 71 74 5
2581 102 37 1
2582 6 94 4
2583 20 125 2
2584 107 118 5
2585 10 105 5
2586 72 133 2
2587 67 13 3
2588 126 87 1
2589 3 116 5
2590 107 29 4
2591 98 111 3
2592 36 47 4
2593 18 113 5
2594 43 49 3
2595 132 134 1
2596 5 21 3
2597 97 87 1
2598 4 39 1
2599 24 76 4
2600 91 107 4
2601 99 115 4
2602 129 17 5
2603 71 131 4
2604 67 11 5
2605 87 19 2
2606 120 111 4
2607 52 66 3
2608 80 105 3
2609 121 61 4
2610 116 55 5
2611 92 116 2
2612 68 111 5
2613 117 108 2
2614 86 19 3
2615 104 6 4
2616 16 73 4
2617 72 2 2
2618 115 70 2
2619 108 47 2
2620 96 83 3
2621 13 13 1
2622 91 47 5
2623 93 10 4
2624 14 133 2
2625 5 101 5
2626 70 27 1
2627 73 109 5
2628 87 68 4
2629 83 2 1
2630 0 26 1
2631 37 18 3
2632 125 63 5
2633 58 70 1
2634 6 86 5
2635 33 110 3
2636 7 16 1
2637 6 108 2
2638 104 43 4
2639 46 7 1
2640 5 0 4
2641 132 86 2
2642 103 132 2
2643 22 75 3
2644 84 66 4
2645 35 102 4
2646 29 52 5
2647 75 109 4
2648 101 101 5
2649 91 17 4
2650 94 14 5
2651 58 110 4
2652 24 9 4
2653 116 88 5
2654 60 40 1
2655 5 77 5
2656 122 58 1
2657 59 35 5
2658 85 68 3
2659 114 123 5
2660 122 91 3
2661 115 88 5
2662 98 44 3
2663 28 82 3
2664 70 28 5
2665 70 63 5
2666 75 57 5
2667 73 30 3
2668 15 86 1
2669 133 121 4
2670 119 24 4
2671 79 58 1
2672 83 26 1
2673 60 72 4
2674 29 109 4
2675 48 124 4
2676 12 64 3
2677 93 96 1
2678 69 92 4
2679 54 87 1
2680 50 120 4
2681 58 10 3
2682 22 110 2
2683 78 28 3
2684 110 81 2
2685 56 119 4
2686 122 3 5
2687 82 22 2
2688 73 79 1
2689 68 24 3
2690 133 106 1
2691 58 134 4
2692 92 121 5
2693 68 76 4
2694 100 66 1
2695 19 131 3
2696 46 60 4
2697 73 126 4
2698 53 131 5
2699 17 32 2
2700 63 103 3
2701 99 28 3
2702 119 36 2
2703 111 127 3
2704 35 98 5
2705 87 111 5
2706 45 39 5
2707 15 42 3
2708 53 49 2
2709 97 5 5
2710 110 20 5
2711 101 95 5
2712 68 110 4
2713 68 125 1
2714 60 122 3
2715 110 77 5
2716 109 97 2
2717 115 65 2
2718 114 106 1
2719 82 116 4
2720 31 67 2
2721 125 48 3
2722 119 13 5
2723 3 131 4
2724 127 88 3
2725 7 32 2
2726 82 88 3
2727 125 83 3
2728 81 31 3
2729 39 84 5
2730 30 99 1
2731 71 106 2
2732 79 46 5
2733 24 66 2
2734 101 10 2
2735 127 107 1
2736 46 57 4
2737 82 47 1
2738 49 10 3
2739 51 20 2
2740 125 67 1
2741 48 103 4
2742 36 99 1
2743 53 0 4
2744 105 85 5
2745 124 120 4
2746 73 122 4
2747 65 49 4
2748 64 77 5
2749 128 116 5
2750 120 70 3
2751 106 32 2
2752 98 36 1
2753 81 101 1
2754 50 41 4
2755 56 65 5
2756 13 77 1
2757 14 47 4
2758 54 24 3
2759 109 20 1
2760 1 32 2
2761 107 27 5
2762 29 86 3
2763 118 34 2
2764 30 67 1
2765 82 122 4
2766 8 67 1
2767 58 108 1
2768 77 49 1
2769 29 34 5
2770 113 25 1
2771 126 122 5
2772 103 113 1
2773 118 88 3
2774 116 85 4
2775 48 38 3
2776 106 27 3
2777 133 66 2
2778 6 3 3
2779 105 121 5
2780 114 65 5
2781 11 53 4
2782 68 7 4
2783 110 57 2
2784 67 49 3
2785 109 62 2
2786 124 133 3
2787 85 74 3
2788 80 12 1
2789 67 29 5
2790 115 17 1
2791 18 17 1
2792 81 48 1
2793 118 89 3
2794 25 47 5
2795 62 34 1
2796 18 126 1
2797 18 107 3
2798 18 15 5
2799 112 104 3
2800 2 55 3
2801 65 40 2
2802 14 30 5
2803 44 11 1
2804 33 65 1
2805 62 118 1
2806 1 120 5
2807 90 132 3
2808 83 108 4
2809 32 80 2
2810 24 51 4
2811 90 42 5
2812 81 118 2
2813 72 105 4
2814 23 66 2
2815 117 77 5
2816 72 71 5
2817 22 91 2
2818 50 122 4
2819 132 66 5
2820 110 35 4
2821 90 20 5
2822 121 69 2
2823 29 65 5
2824 105 43 1
2825 129 91 1
2826 81 73 1
2827 134 112 2
2828 7 74 1
2829 23 123 1
2830 44 124 1
2831 108 33 4
2832 43 56 3
2833 93 82 2
2834 105 114 4
2835 64 17 1
2836 126 111 5
2837 46 39 1
2838 5 75 1
2839 23 96 3
2840 99 95 2
2841 2 28 2
2842 77 120 5
2843 96 48 1
2844 36 54 1
2845 37 80 4
2846 126 11 2
2847 37 86 5
2848 107 4 3
2849 58 37 5
2850 91 82 4
2851 86 120 2
2852 118 61 4
2853 64 113 3
2854 134 1 1
2855 60 129 2
2856 21 114 1
2857 67 22 4
2858 93 77 5
2859 3 77 3
2860 24 83 2
2861 75 128 4
2862 129 98 3
2863 24 85 1
2864 129 15 2
2865 121 108 3
2866 26 1 3
2867 132 62 4
2868 21 107 1
2869 21 3 4
2870 78 129 1
2871 85 11 2
2872 118 39 5
2873 61 107 3
2874 68 30 4
2875 92 103 4
2876 107 41 3
2877 55 42 1
2878 59 49 3
2879 37 68 4
2880 24 131 2
2881 40 29 5
2882 60 80 2
2883 53 17 5
2884 128 20 3
2885 74 81 1
2886 103 19 2
2887 17 93 5
2888 111 2 1
2889 126 86 1
2890 36 2 4
2891 6 10 4
2892 64 82 5
2893 73 123 2
2894 114 128 4
2895 48 29 3
2896 63 2 2
2897 130 108 4
2898 22 106 5
0 28 10
1 126 35
2 113 22
3 71 13
4 134 28
5 78 14
6 63 29
7 20 104
8 25 23
9 93 97
10 100 97
11 35 23
12 27 120
13 89 33
14 67 105
15 106 47
16 65 129
17 40 5
18 51 130
19 37 45
20 124 14
21 47 99
22 103 91
23 122 78
24 78 103
25 48 110
26 22 99
27 106 114
28 16 68
29 118 73
30 40 127
31 86 31
32 90 66
33 90 103
34 130 51
35 125 84
36 86 34
37 24 18
38 5 126
39 93 114
40 101 131
41 55 24
42 104 63
43 22 78
44 133 37
45 106 71
46 4 10
47 127 17
48 4 10
49 69 113
50 8 56
51 118 8
52 121 97
53 56 120
54 14 109
55 77 18
56 70 76
57 117 45
58 31 74
59 67 89
60 24 119
61 91 63
62 114 133
63 20 44
64 73 119
65 12 71
66 100 85
67 41 127
68 7 4
69 15 68
70 132 123
71 8 114
72 123 95
73 60 13
74 85 124
75 55 78
76 54 106
77 23 9
78 8 112
79 91 58
80 70 127
81 125 56
82 75 7
83 17 54
84 14 41
85 34 129
86 111 93
87 26 37
88 107 114
89 34 39
90 57 85
91 60 37
92 48 9
93 35 51
94 133 117
95 32 49
96 105 15
97 48 93
98 93 13
99 127 38
100 9 82
101 72 48
102 75 64
103 58 103
104 34 130
105 103 107
106 108 95
107 100 88
108 20 46
109 64 46
110 99 119
111 45 23
112 60 15
113 93 128
114 97 103
115 106 23
116 15 84
117 56 49
118 10 71
119 120 47
120 109 89
121 23 98
122 22 59
123 77 129
124 54 57
125 71 75
126 47 4
127 60 123
128 24 30
129 103 62
130 119 120
131 31 15
132 63 46
133 28 46
134 117 88
135 25 8
136 31 83
137 101 41
138 5 123
139 56 115
140 122 16
141 34 52
142 37 26
143 50 92
144 14 86
145 131 98
146 10 27
147 71 92
148 108 118
149 73 117
150 1 102
151 63 116
152 113 8
153 112 26
154 89 30
155 32 37
156 2 34
157 0 63
158 117 17
159 21 105
160 55 95
161 52 126
162 124 91
163 55 130
164 63 91
165 63 37
166 131 86
167 38 6
168 27 84
169 18 81
170 44 38
171 115 13
172 51 94
173 81 28
174 93 108
175 134 2
176 70 89
177 22 12
178 43 116
179 120 46
180 0 82
181 39 46
182 107 71
183 97 75
184 132 121
185 7 128
186 43 17
187 1 113
188 102 99
189 9 103
190 96 72
191 78 83
192 118 119
193 64 53
194 92 94
195 33 102
196 66 89
197 53 113
198 69 118
199 97 20
200 37 109
201 110 76
202 27 68
203 67 69
204 109 115
205 38 20
206 0 50
207 8 121
208 53 21
209 5 30
210 94 71
211 6 130
212 22 31
213 47 96
214 113 116
215 7 43
216 132 21
217 72 19
218 126 119
219 79 86
220 28 126
221 48 12
222 91 51
223 2 91
224 119 45
225 39 113
226 73 87
227 100 104
228 20 108
229 71 114
230 1 28
231 106 42
232 100 134
233 64 11
234 57 11
235 27 134
236 86 55
237 125 100
238 127 52
239 121 134
240 9 12
241 73 79
242 125 89
243 59 119
244 32 126
245 109 16
246 5 85
247 6 124
248 133 96
249 117 22
250 19 55
251 12 111
252 95 42
253 7 118
254 60 25
255 72 91
256 101 87
257 82 93
258 21 116
259 17 113
260 133 79
261 104 77
262 20 0
263 15 93
264 100 120
265 57 32
266 53 60
267 24 113
268 115 102
269 21 15
270 7 80
271 93 101
272 7 84
273 6 79
274 63 82
275 16 17
276 62 56
277 48 92
278 81 23
279 31 29
280 47 116
281 82 133
282 80 127
283 99 103
284 118 109
285 77 105
286 83 54
287 15 127
288 55 132
289 52 18
290 26 77
291 119 112
292 80 99
293 39 115
294 99 93
295 1 123
296 40 117
297 16 125
298 92 27
299 73 114
300 50 82
301 4 82
302 124 37
303 110 98
304 51 39
305 72 99
306 56 12
307 23 122
308 91 95
309 78 28
310 127 123
311 26 129
312 110 88
313 129 11
