141 2280 547
0 1
1 5
2 4
3 4
4 4
5 3
6 1
7 2
8 4
9 2
10 5
11 2
12 1
13 5
14 5
15 4
16 5
17 1
18 4
19 5
20 2
21 1
22 1
23 2
24 2
25 2
26 4
27 3
28 1
29 4
30 2
31 3
32 3
33 4
34 2
35 1
36 2
37 3
38 1
39 5
40 2
41 5
42 2
43 2
44 4
45 4
46 3
47 2
48 2
49 2
50 3
51 4
52 1
53 2
54 3
55 3
56 1
57 2
58 4
59 1
60 1
61 2
62 1
63 1
64 2
65 3
66 1
67 5
68 4
69 4
70 3
71 1
72 3
73 1
74 3
75 4
76 3
77 2
78 1
79 5
80 4
81 4
82 3
83 2
84 2
85 1
86 2
87 4
88 5
89 1
90 4
91 4
92 1
93 1
94 1
95 2
96 3
97 3
98 4
99 2
100 5
101 1
102 4
103 4
104 5
105 4
106 1
107 3
108 4
109 4
110 3
111 2
112 5
113 5
114 4
115 1
116 5
117 3
118 2
119 5
120 3
121 2
122 1
123 5
124 4
125 3
126 3
127 3
128 4
129 4
130 4
131 5
132 3
133 2
134 3
135 4
136 3
137 5
138 4
139 2
140 1
0 104 98 2
1 49 0 5
2 121 96 2
3 14 50 2
4 44 27 2
5 62 34 3
6 12 30 2
7 78 128 5
8 102 106 1
9 74 119 5
10 119 110 1
11 134 115 4
12 134 31 1
13 83 39 1
14 58 127 2
15 106 49 4
16 138 97 3
17 130 123 3
18 25 46 5
19 84 40 4
20 81 47 2
21 127 126 3
22 14 12 3
23 110 43 3
24 133 85 5
25 66 7 5
26 68 32 4
27 82 90 2
28 54 116 2
29 52 134 3
30 38 29 2
31 72 6 4
32 134 73 5
33 115 4 3
34 18 41 3
35 35 80 3
36 78 79 3
37 79 28 4
38 137 111 5
39 122 45 1
40 1 14 5
41 41 88 3
42 131 102 3
43 128 37 2
44 135 31 1
45 117 37 5
46 135 7 1
47 95 139 5
48 73 103 4
49 50 122 3
50 61 121 3
51 86 95 3
52 18 43 4
53 108 102 1
54 76 8 1
55 32 54 2
56 33 12 1
57 61 109 2
58 58 72 4
59 140 134 5
60 138 49 1
61 61 82 1
62 7 136 3
63 82 83 5
64 98 49 2
65 87 2 4
66 32 115 3
67 136 56 5
68 45 130 4
69 107 84 2
70 46 125 5
71 117 49 5
72 128 42 5
73 78 65 4
74 124 23 3
75 29 30 5
76 44 136 5
77 118 25 4
78 114 101 5
79 8 20 2
80 119 87 2
81 25 90 2
82 20 120 3
83 81 25 3
84 97 140 1
85 124 125 4
86 42 139 4
87 84 121 3
88 64 8 3
89 20 126 5
90 98 0 4
91 94 33 1
92 110 87 3
93 122 85 3
94 138 113 3
95 84 48 2
96 109 94 3
97 82 25 5
98 47 108 4
99 76 80 3
100 46 74 5
101 105 98 4
102 108 36 5
103 28 117 1
104 12 31 4
105 99 47 5
106 18 94 4
107 71 90 3
108 52 117 4
109 134 106 4
110 135 95 2
111 2 25 5
112 62 40 3
113 11 100 3
114 31 58 2
115 59 68 1
116 108 138 2
117 92 93 1
118 88 16 3
119 15 99 3
120 26 32 1
121 105 101 1
122 82 44 5
123 96 54 4
124 88 63 4
125 138 58 5
126 10 134 5
127 22 74 4
128 67 118 3
129 27 49 4
130 83 95 2
131 114 60 5
132 69 96 3
133 120 67 5
134 90 10 5
135 25 66 3
136 35 102 4
137 3 54 3
138 6 69 1
139 4 104 2
140 101 103 3
141 85 124 2
142 124 5 3
143 55 6 3
144 102 4 1
145 104 7 1
146 87 89 2
147 101 45 3
148 20 110 4
149 9 101 2
150 36 90 2
151 16 86 4
152 114 113 4
153 51 106 1
154 37 96 5
155 22 103 2
156 123 108 3
157 73 24 2
158 26 33 3
159 25 113 4
160 40 44 4
161 18 104 5
162 132 45 2
163 19 70 1
164 27 131 5
165 25 27 5
166 42 24 5
167 8 54 2
168 68 93 3
169 104 89 1
170 23 97 4
171 59 31 2
172 136 85 1
173 120 39 3
174 137 85 5
175 107 31 2
176 69 128 4
177 77 116 2
178 97 76 1
179 37 84 5
180 95 131 5
181 16 131 5
182 99 87 2
183 40 67 3
184 72 29 5
185 99 58 2
186 31 8 2
187 65 98 1
188 14 23 3
189 71 26 4
190 90 74 4
191 62 86 2
192 81 28 5
193 113 99 3
194 21 116 5
195 15 57 4
196 39 63 5
197 26 53 3
198 43 116 1
199 91 35 4
200 129 47 4
201 15 38 2
202 20 45 1
203 116 28 2
204 3 25 2
205 5 74 1
206 37 126 5
207 21 137 4
208 82 1 3
209 80 33 2
210 51 0 5
211 43 104 4
212 113 107 2
213 131 61 1
214 38 111 3
215 12 63 5
216 43 54 3
217 85 135 1
218 132 91 4
219 46 0 4
220 132 46 3
221 76 86 5
222 46 52 5
223 135 30 2
224 128 116 4
225 97 82 1
226 115 93 1
227 47 128 4
228 61 117 4
229 70 55 3
230 74 115 5
231 37 19 4
232 80 61 2
233 6 24 1
234 16 125 2
235 112 18 3
236 91 44 4
237 88 137 4
238 128 90 4
239 56 94 1
240 95 98 4
241 104 127 2
242 136 119 5
243 104 119 3
244 67 129 2
245 132 37 2
246 16 35 2
247 94 23 5
248 13 49 2
249 114 46 4
250 77 75 2
251 134 87 5
252 87 27 5
253 93 133 1
254 65 8 4
255 54 75 5
256 18 70 5
257 3 109 5
258 68 10 5
259 57 107 5
260 101 115 1
261 83 42 3
262 42 98 2
263 127 20 4
264 35 126 5
265 100 89 4
266 26 101 3
267 119 83 2
268 22 87 2
269 90 19 5
270 124 109 4
271 124 73 1
272 12 114 3
273 80 41 2
274 19 54 5
275 43 30 1
276 75 50 2
277 2 46 3
278 35 59 5
279 3 129 3
280 125 57 3
281 64 48 1
282 119 7 5
283 132 114 3
284 106 98 4
285 67 89 4
286 14 24 3
287 44 113 5
288 1 81 4
289 95 55 3
290 48 59 5
291 109 25 3
292 63 46 4
293 39 102 5
294 121 80 5
295 118 2 5
296 114 109 5
297 103 23 2
298 115 26 5
299 71 10 1
300 21 6 5
301 41 20 5
302 63 63 1
303 112 129 1
304 135 28 1
305 5 18 3
306 41 69 5
307 118 17 1
308 96 125 2
309 15 84 5
310 93 5 2
311 97 93 5
312 106 93 5
313 128 4 4
314 93 79 5
315 24 116 1
316 23 36 4
317 127 21 1
318 109 31 1
319 140 76 5
320 132 18 5
321 62 74 3
322 105 25 4
323 45 3 4
324 76 71 5
325 77 138 3
326 68 13 5
327 57 96 2
328 75 119 3
329 32 3 5
330 33 136 5
331 88 47 5
332 2 51 5
333 94 139 5
334 71 95 5
335 10 64 2
336 83 10 3
337 131 7 3
338 110 81 2
339 79 5 4
340 58 49 2
341 128 2 5
342 51 67 5
343 38 35 3
344 68 76 3
345 130 104 5
346 92 43 2
347 97 136 1
348 17 2 1
349 3 131 2
350 97 20 3
351 132 125 2
352 30 137 3
353 76 75 5
354 37 29 1
355 71 130 5
356 132 102 1
357 140 61 3
358 120 25 1
359 5 38 1
360 38 99 1
361 20 15 3
362 12 106 1
363 110 22 2
364 19 43 4
365 77 17 5
366 118 117 4
367 134 62 1
368 71 84 4
369 82 113 1
370 133 44 5
371 84 13 4
372 0 128 4
373 58 128 4
374 5 49 5
375 91 46 5
376 60 13 5
377 124 123 4
378 51 84 1
379 116 53 1
380 103 25 4
381 45 78 1
382 17 91 1
383 126 31 3
384 82 15 5
385 52 93 4
386 75 3 5
387 117 19 1
388 63 77 3
389 3 56 1
390 18 84 3
391 25 130 3
392 84 52 3
393 129 84 3
394 94 26 1
395 55 43 5
396 93 111 5
397 51 77 1
398 55 14 3
399 112 43 4
400 108 69 3
401 24 39 5
402 0 5 2
403 0 78 3
404 24 34 4
405 105 131 4
406 123 13 1
407 92 48 2
408 69 46 3
409 102 67 3
410 16 62 4
411 11 21 4
412 31 13 4
413 10 100 4
414 89 103 4
415 2 98 5
416 132 134 1
417 108 68 4
418 80 63 3
419 113 61 3
420 57 10 4
421 66 62 3
422 131 52 1
423 100 24 3
424 39 130 5
425 66 134 3
426 44 84 4
427 124 45 5
428 117 84 1
429 104 65 2
430 36 71 5
431 35 46 4
432 109 22 2
433 28 60 4
434 88 74 1
435 70 36 3
436 14 94 3
437 138 4 4
438 37 70 2
439 50 26 2
440 62 102 5
441 125 6 4
442 120 33 5
443 126 29 1
444 104 135 4
445 17 139 3
446 98 44 3
447 104 75 1
448 85 93 3
449 61 115 5
450 124 11 2
451 76 107 1
452 138 78 1
453 114 36 2
454 27 62 4
455 21 43 1
456 41 38 2
457 80 131 2
458 121 79 5
459 9 59 2
460 59 74 1
461 46 85 4
462 70 14 2
463 90 120 3
464 20 17 3
465 76 2 5
466 5 50 3
467 54 87 4
468 13 48 5
469 101 83 3
470 136 76 1
471 125 45 5
472 99 34 3
473 58 83 1
474 107 46 2
475 128 61 1
476 111 123 2
477 38 71 1
478 139 91 2
479 70 51 3
480 11 119 4
481 81 51 5
482 105 9 3
483 108 95 5
484 85 63 2
485 81 104 3
486 116 63 5
487 1 65 4
488 1 19 5
489 35 118 2
490 27 123 5
491 68 102 3
492 15 89 4
493 124 127 4
494 102 38 5
495 79 74 1
496 108 29 3
497 128 39 1
498 16 60 3
499 78 54 1
500 127 105 1
501 91 128 4
502 96 20 1
503 84 6 2
504 90 133 5
505 18 74 2
506 33 38 2
507 71 123 4
508 78 126 5
509 20 2 4
510 139 96 4
511 118 39 3
512 130 67 4
513 24 140 3
514 116 26 2
515 92 35 1
516 101 69 1
517 136 15 4
518 91 70 1
519 88 90 1
520 96 70 3
521 83 57 3
522 59 54 3
523 87 80 3
524 126 36 4
525 50 132 5
526 28 110 5
527 123 99 2
528 62 84 2
529 95 119 4
530 103 30 3
531 55 68 1
532 136 53 5
533 92 138 2
534 89 86 2
535 6 52 5
536 95 19 4
537 112 44 1
538 83 126 2
539 50 48 5
540 139 113 3
541 36 117 3
542 69 43 4
543 106 52 5
544 43 121 3
545 98 100 3
546 7 121 3
547 126 18 3
548 102 36 4
549 22 140 3
550 99 33 4
551 138 30 5
552 56 17 2
553 42 39 1
554 52 86 5
555 139 28 1
556 123 14 4
557 101 77 4
558 12 117 3
559 103 54 5
560 56 126 5
561 65 126 3
562 58 120 2
563 55 8 3
564 81 45 5
565 97 81 1
566 34 92 4
567 17 66 1
568 46 61 2
569 115 39 5
570 45 65 4
571 59 131 1
572 43 24 2
573 93 32 3
574 3 107 3
575 67 2 1
576 75 114 5
577 87 116 1
578 43 38 4
579 66 83 2
580 131 78 3
581 10 6 4
582 19 14 4
583 105 95 2
584 91 140 4
585 95 120 4
586 85 125 5
587 113 113 4
588 107 39 5
589 55 65 1
590 107 121 1
591 90 14 2
592 37 94 2
593 21 138 1
594 51 17 3
595 6 12 1
596 31 63 1
597 39 95 3
598 120 61 1
599 49 59 3
600 118 72 2
601 119 53 1
602 84 112 2
603 71 44 5
604 43 130 1
605 106 132 4
606 66 19 1
607 90 107 1
608 139 137 2
609 135 124 4
610 0 39 2
611 42 136 3
612 33 133 4
613 70 105 4
614 39 27 2
615 117 5 5
616 106 140 2
617 0 100 2
618 117 104 1
619 17 104 2
620 57 72 1
621 73 97 5
622 124 95 3
623 14 136 1
624 111 97 4
625 122 10 2
626 45 119 4
627 133 32 3
628 123 101 1
629 55 108 5
630 124 115 2
631 24 118 1
632 14 22 3
633 131 113 4
634 40 102 5
635 42 115 4
636 14 124 5
637 85 19 3
638 73 111 2
639 113 52 2
640 75 41 3
641 91 94 5
642 17 62 4
643 116 117 1
644 119 123 2
645 129 128 4
646 135 68 4
647 35 20 1
648 134 59 5
649 39 58 1
650 9 62 3
651 127 42 1
652 94 131 1
653 97 11 5
654 13 20 2
655 63 27 5
656 110 125 4
657 13 14 4
658 39 7 4
659 118 30 4
660 63 114 1
661 122 23 3
662 95 4 3
663 1 138 5
664 65 79 3
665 94 101 1
666 93 130 1
667 80 133 1
668 32 0 4
669 3 94 2
670 109 37 5
671 119 15 1
672 81 60 3
673 34 67 2
674 106 54 2
675 92 53 4
676 92 23 3
677 127 122 5
678 0 110 1
679 44 122 3
680 109 2 5
681 80 15 2
682 73 75 5
683 140 108 4
684 9 32 2
685 127 111 5
686 119 47 5
687 98 97 1
688 129 89 4
689 134 80 2
690 39 67 2
691 56 91 5
692 76 137 4
693 36 94 4
694 61 59 2
695 108 122 2
696 88 114 2
697 80 32 2
698 34 139 4
699 136 102 4
700 16 22 5
701 98 134 2
702 89 12 2
703 5 111 3
704 4 123 3
705 110 131 3
706 77 8 3
707 91 112 2
708 41 59 2
709 61 72 2
710 30 73 2
711 70 107 3
712 23 133 2
713 110 106 5
714 25 0 2
715 56 19 5
716 132 22 4
717 10 125 5
718 18 106 1
719 105 39 4
720 54 66 1
721 90 35 4
722 99 59 5
723 100 95 4
724 18 119 2
725 77 123 5
726 28 30 2
727 48 126 3
728 101 117 4
729 136 49 3
730 129 54 3
731 86 68 3
732 55 87 2
733 129 2 4
734 117 132 2
735 86 43 3
736 4 43 5
737 42 25 3
738 37 107 2
739 102 122 2
740 72 14 4
741 88 12 3
742 114 117 3
743 2 62 3
744 48 70 4
745 6 133 5
746 130 77 2
747 77 64 5
748 134 36 5
749 32 131 1
750 136 48 2
751 16 118 5
752 7 77 5
753 38 18 1
754 84 88 3
755 102 34 2
756 132 93 2
757 62 51 5
758 113 35 2
759 50 23 4
760 66 10 1
761 53 133 4
762 93 86 3
763 74 110 2
764 51 37 2
765 60 132 4
766 107 136 2
767 101 1 3
768 56 60 1
769 55 124 4
770 41 112 5
771 68 19 4
772 124 15 1
773 131 70 1
774 121 81 5
775 3 104 2
776 66 64 2
777 95 3 3
778 32 123 2
779 66 22 3
780 25 131 4
781 61 56 5
782 33 53 1
783 70 13 1
784 84 28 4
785 54 61 1
786 49 69 4
787 70 138 2
788 102 119 1
789 96 46 3
790 32 11 2
791 74 87 5
792 79 40 1
793 80 140 2
794 105 74 2
795 97 3 5
796 91 107 4
797 114 47 5
798 137 28 5
799 87 82 1
800 24 66 5
801 125 100 4
802 18 49 3
803 50 9 1
804 31 87 5
805 118 116 2
806 94 85 4
807 85 104 1
808 39 85 2
809 109 138 2
810 42 34 2
811 80 94 4
812 115 98 3
813 85 22 1
814 5 68 5
815 117 106 4
816 91 137 1
817 9 34 5
818 13 17 3
819 95 10 2
820 6 73 1
821 60 17 1
822 62 38 1
823 41 2 4
824 60 82 2
825 124 117 1
826 52 39 2
827 96 126 4
828 49 60 4
829 14 45 5
830 132 66 3
831 8 122 1
832 42 18 1
833 40 116 1
834 81 57 5
835 86 14 4
836 32 126 5
837 48 14 2
838 100 64 4
839 120 8 4
840 95 85 3
841 119 121 1
842 42 62 1
843 11 55 2
844 109 87 5
845 38 32 1
846 79 112 1
847 127 44 3
848 103 129 2
849 109 140 5
850 137 94 1
851 57 103 2
852 49 120 1
853 63 15 2
854 71 14 1
855 7 52 3
856 128 81 3
857 44 53 2
858 78 100 2
859 59 45 5
860 109 33 5
861 78 62 5
862 33 123 2
863 57 65 3
864 86 112 1
865 18 33 5
866 14 73 1
867 23 55 5
868 37 57 4
869 122 22 3
870 83 134 4
871 121 53 5
872 4 68 1
873 42 4 3
874 57 129 3
875 73 47 1
876 132 108 3
877 29 10 5
878 49 52 2
879 97 129 5
880 68 25 1
881 19 136 3
882 24 120 4
883 61 45 3
884 0 79 3
885 45 70 2
886 116 67 2
887 132 71 2
888 35 58 4
889 27 137 1
890 92 46 2
891 77 24 4
892 4 124 5
893 4 120 5
894 97 106 1
895 135 55 2
896 97 30 3
897 18 129 4
898 97 101 3
899 58 76 3
900 107 16 2
901 81 9 2
902 105 91 1
903 61 34 1
904 58 56 5
905 24 84 4
906 110 17 2
907 18 89 5
908 27 90 2
909 10 74 2
910 80 74 4
911 20 43 5
912 118 26 4
913 94 52 5
914 89 36 4
915 15 77 4
916 49 48 1
917 120 29 5
918 40 40 3
919 66 131 5
920 110 18 3
921 128 13 2
922 31 106 4
923 63 95 1
924 64 73 4
925 24 3 3
926 107 92 5
927 48 98 3
928 43 75 4
929 116 140 4
930 109 11 4
931 24 2 3
932 25 51 3
933 96 6 2
934 84 39 5
935 71 40 4
936 81 48 1
937 78 12 1
938 55 56 3
939 122 25 5
940 140 89 4
941 19 29 3
942 51 127 5
943 105 23 3
944 88 120 5
945 133 7 3
946 85 59 5
947 1 37 2
948 22 80 4
949 131 53 2
950 72 100 3
951 6 138 3
952 115 60 3
953 115 53 4
954 100 71 1
955 139 114 2
956 43 60 4
957 74 58 1
958 133 49 2
959 54 29 5
960 65 15 1
961 109 49 5
962 92 135 4
963 51 110 5
964 19 121 2
965 65 121 2
966 125 42 5
967 119 22 2
968 21 5 4
969 109 76 2
970 51 121 3
971 73 34 4
972 116 36 5
973 31 38 5
974 133 20 3
975 63 2 4
976 92 83 4
977 81 27 5
978 48 116 5
979 118 78 1
980 136 90 4
981 121 11 2
982 57 4 5
983 15 8 2
984 60 93 4
985 93 2 3
986 60 0 3
987 59 25 3
988 133 50 5
989 50 113 1
990 34 109 2
991 16 81 3
992 55 120 2
993 53 45 5
994 65 76 1
995 44 15 2
996 85 24 1
997 81 44 1
998 98 130 1
999 54 23 1
1000 92 104 5
1001 122 66 4
1002 131 108 1
1003 46 32 5
1004 93 30 3
1005 48 104 4
1006 78 46 3
1007 72 82 1
1008 138 2 2
1009 64 79 5
1010 7 76 5
1011 45 73 2
1012 46 90 4
1013 137 96 4
1014 56 24 3
1015 51 137 2
1016 130 33 5
1017 38 135 4
1018 59 82 5
1019 32 27 5
1020 98 51 2
1021 79 44 3
1022 40 43 1
1023 118 60 5
1024 28 120 3
1025 51 95 5
1026 26 72 3
1027 26 138 1
1028 25 133 2
1029 49 16 1
1030 52 56 5
1031 125 101 3
1032 22 18 3
1033 20 30 3
1034 33 67 4
1035 23 23 1
1036 31 71 1
1037 15 108 4
1038 103 120 2
1039 112 6 5
1040 96 33 4
1041 111 107 1
1042 44 49 2
1043 17 11 2
1044 28 126 4
1045 0 18 5
1046 101 14 2
1047 99 85 5
1048 41 116 1
1049 15 128 4
1050 41 40 4
1051 14 26 4
1052 67 49 4
1053 92 101 3
1054 96 94 5
1055 53 125 5
1056 132 24 2
1057 78 48 1
1058 53 43 5
1059 105 109 2
1060 111 51 2
1061 129 13 5
1062 98 63 3
1063 117 136 2
1064 101 107 1
1065 57 12 1
1066 89 4 4
1067 64 65 5
1068 48 100 3
1069 133 88 5
1070 22 123 2
1071 108 72 3
1072 20 81 3
1073 72 46 4
1074 140 94 2
1075 83 6 2
1076 8 5 4
1077 34 45 3
1078 84 72 5
1079 130 13 5
1080 130 53 3
1081 18 82 3
1082 139 61 2
1083 66 43 2
1084 57 110 2
1085 38 54 4
1086 98 78 4
1087 117 77 1
1088 111 111 5
1089 51 125 1
1090 130 128 5
1091 28 25 3
1092 34 41 2
1093 11 24 4
1094 85 47 4
1095 48 42 4
1096 5 106 3
1097 112 72 4
1098 69 16 4
1099 130 8 5
1100 103 84 5
1101 3 115 1
1102 112 57 5
1103 53 16 3
1104 16 6 2
1105 132 61 3
1106 96 131 1
1107 106 36 3
1108 119 43 4
1109 126 72 2
1110 98 128 1
1111 18 2 3
1112 36 7 5
1113 120 22 4
1114 52 103 2
1115 63 124 1
1116 139 29 4
1117 90 3 4
1118 132 28 5
1119 124 126 2
1120 81 61 2
1121 57 82 1
1122 127 45 5
1123 58 8 5
1124 103 125 3
1125 12 38 1
1126 52 77 5
1127 12 138 4
1128 98 102 1
1129 131 10 1
1130 98 55 4
1131 75 115 5
1132 77 72 1
1133 68 110 5
1134 103 90 5
1135 99 111 3
1136 65 50 4
1137 108 128 5
1138 24 74 3
1139 103 29 5
1140 114 40 5
1141 24 87 1
1142 120 72 3
1143 3 137 5
1144 82 56 3
1145 21 62 2
1146 1 121 1
1147 106 92 5
1148 128 40 4
1149 40 56 1
1150 76 77 5
1151 48 9 5
1152 46 49 2
1153 125 32 1
1154 57 17 4
1155 53 126 1
1156 137 78 3
1157 94 50 1
1158 104 126 2
1159 56 101 2
1160 35 64 2
1161 47 49 3
1162 74 85 1
1163 65 89 5
1164 60 83 5
1165 47 67 3
1166 122 124 1
1167 85 119 5
1168 97 105 1
1169 95 61 5
1170 8 26 1
1171 100 82 5
1172 45 44 4
1173 117 73 4
1174 26 39 3
1175 67 18 1
1176 70 25 2
1177 26 131 3
1178 14 65 5
1179 78 2 4
1180 76 94 5
1181 93 72 5
1182 35 33 2
1183 79 133 1
1184 22 104 5
1185 92 105 1
1186 67 132 4
1187 37 95 3
1188 13 30 2
1189 3 53 5
1190 95 46 2
1191 18 60 3
1192 50 130 5
1193 10 18 1
1194 115 140 3
1195 14 58 1
1196 78 91 1
1197 58 70 5
1198 34 124 2
1199 35 25 3
1200 35 63 5
1201 63 92 5
1202 125 17 5
1203 86 122 1
1204 54 82 5
1205 71 118 5
1206 99 24 5
1207 108 87 5
1208 107 116 4
1209 5 115 1
1210 138 120 1
1211 106 30 5
1212 17 76 2
1213 138 68 5
1214 73 100 2
1215 2 0 2
1216 33 110 5
1217 104 128 1
1218 30 25 2
1219 104 72 5
1220 34 134 3
1221 15 16 2
1222 25 58 3
1223 88 88 1
1224 2 16 3
1225 85 139 1
1226 85 64 1
1227 135 78 4
1228 134 55 1
1229 107 105 5
1230 125 5 4
1231 121 16 4
1232 67 29 5
1233 77 32 2
1234 45 105 2
1235 89 69 4
1236 42 69 4
1237 60 25 1
1238 25 125 4
1239 130 80 1
1240 40 51 1
1241 57 100 4
1242 28 15 2
1243 105 3 2
1244 89 138 1
1245 117 103 2
1246 122 100 2
1247 17 84 4
1248 31 7 2
1249 113 123 5
1250 132 30 5
1251 9 56 4
1252 109 101 3
1253 60 109 4
1254 28 18 1
1255 108 8 2
1256 84 83 2
1257 128 136 3
1258 42 33 3
1259 50 61 2
1260 119 89 2
1261 84 115 1
1262 111 135 4
1263 84 78 2
1264 41 17 3
1265 116 15 4
1266 18 1 3
1267 14 17 5
1268 55 46 2
1269 132 129 5
1270 135 34 4
1271 89 52 3
1272 37 73 5
1273 85 97 1
1274 36 6 5
1275 69 62 2
1276 133 116 2
1277 113 75 3
1278 136 104 1
1279 38 98 2
1280 36 32 1
1281 66 124 2
1282 28 53 1
1283 140 82 5
1284 130 42 3
1285 116 106 2
1286 55 136 5
1287 34 72 4
1288 12 36 5
1289 119 1 4
1290 42 122 3
1291 79 15 4
1292 58 29 5
1293 18 93 4
1294 26 22 3
1295 122 57 1
1296 66 138 5
1297 82 46 1
1298 29 100 1
1299 27 88 1
1300 102 128 4
1301 90 75 3
1302 86 129 3
1303 34 8 1
1304 15 36 4
1305 69 48 2
1306 31 30 1
1307 61 38 4
1308 87 34 4
1309 60 37 2
1310 66 119 2
1311 39 68 1
1312 32 91 3
1313 57 77 2
1314 136 124 5
1315 57 127 4
1316 31 101 2
1317 29 8 1
1318 112 92 4
1319 8 12 1
1320 134 21 2
1321 13 28 4
1322 126 2 1
1323 70 129 4
1324 57 97 3
1325 129 94 2
1326 32 43 1
1327 78 90 3
1328 56 76 1
1329 66 120 3
1330 45 19 5
1331 51 65 3
1332 35 30 5
1333 62 77 3
1334 68 94 4
1335 44 95 4
1336 66 89 1
1337 4 50 4
1338 87 0 1
1339 137 5 4
1340 21 30 5
1341 72 109 5
1342 71 72 4
1343 129 87 4
1344 87 35 2
1345 15 7 3
1346 51 4 3
1347 40 139 3
1348 46 58 5
1349 23 93 3
1350 103 137 5
1351 36 9 4
1352 49 90 2
1353 108 56 5
1354 123 79 5
1355 87 72 5
1356 96 27 1
1357 103 48 1
1358 5 76 2
1359 19 89 4
1360 134 56 5
1361 51 105 4
1362 87 92 2
1363 9 55 2
1364 75 107 4
1365 34 36 4
1366 74 3 5
1367 21 24 3
1368 6 54 4
1369 131 92 4
1370 94 47 4
1371 43 5 3
1372 99 82 2
1373 106 103 5
1374 124 83 4
1375 138 15 4
1376 124 77 1
1377 120 21 4
1378 24 126 1
1379 109 125 4
1380 133 63 2
1381 135 71 1
1382 65 42 5
1383 74 133 3
1384 12 82 5
1385 48 72 1
1386 122 133 1
1387 99 94 3
1388 124 69 1
1389 53 113 5
1390 126 14 5
1391 119 59 3
1392 47 45 1
1393 71 65 4
1394 53 81 4
1395 79 129 5
1396 106 112 3
1397 51 71 1
1398 15 104 4
1399 131 133 4
1400 36 138 5
1401 34 13 2
1402 89 37 3
1403 71 70 5
1404 122 56 5
1405 140 18 2
1406 127 101 2
1407 66 133 2
1408 124 105 4
1409 30 69 1
1410 25 112 1
1411 77 49 5
1412 30 101 5
1413 127 35 1
1414 25 49 3
1415 118 4 3
1416 50 54 5
1417 102 5 5
1418 138 134 1
1419 81 117 4
1420 87 6 2
1421 40 8 5
1422 130 118 2
1423 81 62 3
1424 68 50 5
1425 38 66 4
1426 114 99 4
1427 74 77 3
1428 10 102 5
1429 19 86 3
1430 108 37 5
1431 110 138 1
1432 34 64 3
1433 32 90 3
1434 8 102 3
1435 58 91 4
1436 87 15 4
1437 104 60 5
1438 7 54 3
1439 27 29 1
1440 85 66 1
1441 31 41 1
1442 102 26 4
1443 32 47 4
1444 14 132 3
1445 123 112 2
1446 5 7 3
1447 24 115 4
1448 40 13 5
1449 136 5 1
1450 83 74 1
1451 13 140 2
1452 134 64 1
1453 83 85 5
1454 117 39 3
1455 23 0 5
1456 138 27 1
1457 59 51 5
1458 55 96 4
1459 124 104 4
1460 26 117 3
1461 117 90 4
1462 4 140 5
1463 12 60 4
1464 94 29 3
1465 93 13 5
1466 18 16 2
1467 41 105 4
1468 3 37 3
1469 81 102 4
1470 6 13 5
1471 34 12 4
1472 93 33 3
1473 24 133 2
1474 83 24 4
1475 33 45 3
1476 133 140 3
1477 88 25 2
1478 59 137 1
1479 74 97 4
1480 20 121 2
1481 78 71 4
1482 6 97 2
1483 40 48 2
1484 39 71 5
1485 47 2 5
1486 80 59 4
1487 118 55 4
1488 36 76 5
1489 129 53 5
1490 6 105 4
1491 114 53 3
1492 129 102 1
1493 49 39 4
1494 27 122 2
1495 86 134 2
1496 27 106 5
1497 25 10 5
1498 124 108 4
1499 15 131 3
1500 42 124 5
1501 106 24 1
1502 57 133 3
1503 125 27 5
1504 88 128 2
1505 34 16 2
1506 106 133 5
1507 108 96 2
1508 21 69 3
1509 66 92 4
1510 117 86 3
1511 101 0 4
1512 54 9 3
1513 17 98 2
1514 44 124 1
1515 77 35 5
1516 45 109 5
1517 73 120 5
1518 116 30 1
1519 87 135 4
1520 10 7 2
1521 19 108 3
1522 28 122 3
1523 29 33 5
1524 110 100 4
1525 74 70 2
1526 95 50 5
1527 3 1 2
1528 2 119 1
1529 5 3 4
1530 49 63 3
1531 45 87 5
1532 27 43 2
1533 129 29 1
1534 95 56 3
1535 133 41 4
1536 74 136 5
1537 111 128 3
1538 80 6 2
1539 126 9 1
1540 2 37 1
1541 121 58 2
1542 43 42 1
1543 35 0 3
1544 19 41 4
1545 72 92 5
1546 39 111 5
1547 104 6 4
1548 27 127 2
1549 138 72 4
1550 86 100 4
1551 82 116 1
1552 124 80 4
1553 27 117 1
1554 113 63 2
1555 2 40 5
1556 90 110 1
1557 37 90 5
1558 111 134 1
1559 41 111 1
1560 0 20 3
1561 49 11 5
1562 62 95 3
1563 42 116 2
1564 38 56 5
1565 32 87 2
1566 29 118 1
1567 107 71 2
1568 71 102 4
1569 67 135 5
1570 100 7 2
1571 44 65 3
1572 111 17 1
1573 55 121 4
1574 104 64 4
1575 105 103 1
1576 31 138 4
1577 45 131 5
1578 138 62 5
1579 130 59 3
1580 95 9 3
1581 34 131 5
1582 1 43 1
1583 96 15 2
1584 41 91 3
1585 24 109 5
1586 11 70 5
1587 99 35 2
1588 20 137 3
1589 140 30 1
1590 47 112 3
1591 124 12 4
1592 42 75 4
1593 98 125 3
1594 88 61 5
1595 89 20 4
1596 44 119 3
1597 110 3 3
1598 41 50 3
1599 99 67 4
1600 30 119 4
1601 17 3 3
1602 1 113 4
1603 19 109 3
1604 67 31 5
1605 135 105 5
1606 139 116 3
1607 112 23 3
1608 39 14 1
1609 26 120 1
1610 3 78 4
1611 0 8 2
1612 128 34 4
1613 63 53 5
1614 59 88 5
1615 31 18 1
1616 2 132 4
1617 46 127 5
1618 20 102 4
1619 37 137 2
1620 31 51 3
1621 28 51 1
1622 8 51 1
1623 47 132 2
1624 137 24 5
1625 133 34 3
1626 91 49 2
1627 107 86 2
1628 131 54 4
1629 112 13 1
1630 119 127 4
1631 60 35 4
1632 117 31 3
1633 74 28 4
1634 57 0 5
1635 124 99 4
1636 126 126 4
1637 88 44 2
1638 27 36 5
1639 31 125 1
1640 97 9 1
1641 5 47 3
1642 122 93 1
1643 15 75 2
1644 103 103 2
1645 43 63 3
1646 47 130 2
1647 15 91 1
1648 79 25 2
1649 52 83 4
1650 28 78 3
1651 90 140 3
1652 53 50 4
1653 61 16 2
1654 101 5 5
1655 127 1 3
1656 136 40 1
1657 47 28 1
1658 136 61 1
1659 28 57 1
1660 11 39 1
1661 63 125 5
1662 115 120 1
1663 15 86 5
1664 74 109 3
1665 60 29 2
1666 116 124 3
1667 120 139 1
1668 140 84 1
1669 135 39 3
1670 76 31 4
1671 8 85 5
1672 70 88 5
1673 118 122 1
1674 96 99 4
1675 113 73 3
1676 138 86 4
1677 128 10 1
1678 136 28 3
1679 99 106 3
1680 138 124 5
1681 125 65 5
1682 101 7 3
1683 45 118 4
1684 68 79 4
1685 135 44 1
1686 129 0 2
1687 99 11 3
1688 86 55 1
1689 122 70 4
1690 118 64 2
1691 130 58 5
1692 135 134 5
1693 68 90 4
1694 106 90 5
1695 93 29 4
1696 68 117 3
1697 23 61 4
1698 64 70 3
1699 97 27 5
1700 43 115 3
1701 112 71 5
1702 128 20 4
1703 127 116 4
1704 34 89 5
1705 113 117 4
1706 26 70 1
1707 65 59 4
1708 60 8 3
1709 131 121 3
1710 122 71 1
1711 13 69 5
1712 15 55 2
1713 18 47 5
1714 85 60 2
1715 42 3 2
1716 9 25 1
1717 55 47 5
1718 126 16 1
1719 52 102 2
1720 35 47 4
1721 21 32 3
1722 6 76 4
1723 119 26 2
1724 46 89 4
1725 94 4 2
1726 113 88 2
1727 62 37 1
1728 13 79 4
1729 121 111 4
1730 136 9 2
1731 132 9 2
1732 34 71 2
1733 34 59 5
1734 126 26 4
1735 33 68 5
1736 111 104 3
1737 47 131 4
1738 19 79 1
1739 122 136 3
1740 1 76 3
1741 132 68 4
1742 77 129 5
1743 126 138 3
1744 48 48 2
1745 37 112 2
1746 91 5 2
1747 110 11 4
1748 26 58 1
1749 33 79 4
1750 95 77 4
1751 51 86 3
1752 95 33 4
1753 1 17 3
1754 26 9 1
1755 7 111 4
1756 104 39 4
1757 45 29 3
1758 103 93 1
1759 44 70 5
1760 18 80 2
1761 78 63 4
1762 41 100 5
1763 89 73 2
1764 40 53 5
1765 69 112 1
1766 57 117 5
1767 14 27 1
1768 59 62 1
1769 66 114 2
1770 78 78 5
1771 24 82 5
1772 62 113 2
1773 98 36 5
1774 120 40 1
1775 19 123 3
1776 116 72 3
1777 53 94 5
1778 122 123 1
1779 28 114 1
1780 98 25 1
1781 29 74 5
1782 36 112 5
1783 102 88 1
1784 80 2 5
1785 101 110 2
1786 74 32 1
1787 43 29 5
1788 25 114 2
1789 118 52 3
1790 122 52 1
1791 72 52 3
1792 57 137 4
1793 43 62 3
1794 25 37 3
1795 71 73 5
1796 88 124 5
1797 125 80 1
1798 84 86 2
1799 57 84 5
1800 30 0 2
1801 19 138 1
1802 4 41 3
1803 134 137 5
1804 138 116 4
1805 111 43 4
1806 124 46 4
1807 2 13 2
1808 52 97 5
1809 41 1 5
1810 135 89 3
1811 12 130 2
1812 21 73 3
1813 41 5 3
1814 137 49 2
1815 117 123 2
1816 48 105 3
1817 3 21 2
1818 39 35 1
1819 43 56 5
1820 52 87 3
1821 97 70 2
1822 26 25 4
1823 97 19 4
1824 132 126 5
1825 109 36 3
1826 83 7 2
1827 73 15 1
1828 63 123 1
1829 27 3 5
1830 11 26 5
1831 62 53 5
1832 59 89 4
1833 27 77 3
1834 19 127 1
1835 13 29 5
1836 44 87 1
1837 74 78 3
1838 10 62 1
1839 140 132 1
1840 80 65 3
1841 70 7 1
1842 85 57 2
1843 42 44 4
1844 131 1 3
1845 2 1 2
1846 73 76 2
1847 103 10 5
1848 65 6 1
1849 12 121 2
1850 75 31 1
1851 103 99 5
1852 115 131 5
1853 24 54 1
1854 16 63 2
1855 6 114 5
1856 63 83 4
1857 136 24 4
1858 3 22 5
1859 77 80 1
1860 70 112 4
1861 104 106 5
1862 25 67 4
1863 32 37 5
1864 29 25 1
1865 80 12 3
1866 11 96 5
1867 29 20 5
1868 91 80 1
1869 77 22 1
1870 59 136 2
1871 36 85 5
1872 69 117 1
1873 51 103 1
1874 1 116 4
1875 133 111 2
1876 138 64 3
1877 72 12 3
1878 38 25 3
1879 130 106 5
1880 25 31 4
1881 61 32 1
1882 55 138 1
1883 104 116 3
1884 85 128 4
1885 13 131 2
1886 63 1 4
1887 1 52 2
1888 2 8 5
1889 123 30 3
1890 128 112 3
1891 86 0 1
1892 122 24 3
1893 66 68 3
1894 56 90 3
1895 19 35 1
1896 56 127 4
1897 63 18 3
1898 91 66 2
1899 88 56 1
1900 12 56 4
1901 28 23 4
1902 128 115 4
1903 66 113 2
1904 43 73 4
1905 110 133 4
1906 69 118 3
1907 51 46 5
1908 106 20 2
1909 128 65 2
1910 60 91 4
1911 8 8 1
1912 111 68 3
1913 36 104 3
1914 79 24 3
1915 79 35 5
1916 117 17 4
1917 85 126 2
1918 45 106 2
1919 125 60 5
1920 3 14 1
1921 116 115 2
1922 78 33 2
1923 94 6 2
1924 99 76 1
1925 131 21 2
1926 8 46 1
1927 119 65 2
1928 27 5 5
1929 15 17 3
1930 7 4 1
1931 62 76 4
1932 47 59 5
1933 131 87 1
1934 81 119 1
1935 118 99 2
1936 84 11 1
1937 42 5 4
1938 12 2 2
1939 103 109 4
1940 55 3 1
1941 70 39 3
1942 11 45 5
1943 76 124 2
1944 133 36 5
1945 58 58 3
1946 9 112 5
1947 108 18 4
1948 96 41 3
1949 0 6 1
1950 55 42 4
1951 33 124 1
1952 100 105 3
1953 14 128 5
1954 60 133 3
1955 131 11 2
1956 100 76 2
1957 45 100 5
1958 80 127 5
1959 134 43 2
1960 43 36 2
1961 69 125 1
1962 1 61 5
1963 99 129 3
1964 78 125 3
1965 42 134 1
1966 128 82 3
1967 69 70 4
1968 86 30 5
1969 74 137 4
1970 68 40 4
1971 57 101 4
1972 103 61 5
1973 56 139 2
1974 9 40 5
1975 39 28 4
1976 12 3 2
1977 132 72 3
1978 25 55 1
1979 82 75 4
1980 132 4 2
1981 135 132 2
1982 4 52 5
1983 113 80 1
1984 11 48 3
1985 80 0 4
1986 69 119 1
1987 48 10 2
1988 89 56 3
1989 139 66 2
1990 91 120 2
1991 69 44 2
1992 21 28 4
1993 17 4 5
1994 40 55 1
1995 88 105 1
1996 21 77 2
1997 102 45 3
1998 103 104 3
1999 100 21 4
2000 27 12 4
2001 94 43 5
2002 91 116 5
2003 77 102 5
2004 41 84 4
2005 50 125 4
2006 41 44 5
2007 91 23 5
2008 96 138 3
2009 100 87 2
2010 138 98 2
2011 93 64 2
2012 131 132 4
2013 115 137 1
2014 116 99 4
2015 55 26 1
2016 85 6 4
2017 68 35 3
2018 5 73 5
2019 8 59 3
2020 79 122 5
2021 19 5 2
2022 104 56 3
2023 20 19 2
2024 96 25 2
2025 108 74 3
2026 26 54 3
2027 63 67 4
2028 98 83 1
2029 91 106 1
2030 139 37 1
2031 96 117 2
2032 124 81 1
2033 59 17 2
2034 99 71 2
2035 99 60 5
2036 46 113 3
2037 55 78 4
2038 50 108 1
2039 5 80 1
2040 15 21 1
2041 42 118 1
2042 65 77 4
2043 93 24 1
2044 125 130 3
2045 87 12 1
2046 96 62 1
2047 4 106 5
2048 34 77 4
2049 9 137 1
2050 133 136 3
2051 73 115 2
2052 100 128 2
2053 27 61 3
2054 102 59 4
2055 118 112 4
2056 3 125 1
2057 140 25 3
2058 49 22 5
2059 84 97 1
2060 82 105 4
2061 44 86 3
2062 46 13 1
2063 133 55 5
2064 78 95 5
2065 112 50 4
2066 37 38 2
2067 100 140 3
2068 60 136 2
2069 115 35 2
2070 51 9 1
2071 81 77 4
2072 60 135 1
2073 0 59 1
2074 30 3 1
2075 33 121 5
2076 56 86 3
2077 55 101 5
2078 58 97 3
2079 12 50 1
2080 139 76 4
2081 3 65 3
2082 21 61 4
2083 21 133 3
2084 43 45 4
2085 109 134 4
2086 33 128 1
2087 140 6 3
2088 69 0 5
2089 125 38 3
2090 76 12 1
2091 41 41 5
2092 4 60 5
2093 81 107 4
2094 13 52 3
2095 63 7 4
2096 108 101 5
2097 98 56 5
2098 75 97 4
2099 33 82 5
2100 91 138 1
2101 21 65 3
2102 43 49 1
2103 106 69 3
2104 33 126 4
2105 27 135 5
2106 97 60 5
2107 30 15 4
2108 62 93 4
2109 65 0 4
2110 76 54 3
2111 125 140 3
2112 9 135 3
2113 22 94 1
2114 115 123 4
2115 106 78 3
2116 6 71 4
2117 138 99 2
2118 47 65 2
2119 118 97 1
2120 114 76 2
2121 125 33 3
2122 5 2 3
2123 39 4 1
2124 99 53 4
2125 72 69 4
2126 89 75 1
2127 31 104 2
2128 120 27 4
2129 75 67 1
2130 26 27 1
2131 41 68 5
2132 74 42 3
2133 116 100 2
2134 73 127 4
2135 5 81 2
2136 23 21 5
2137 72 40 5
2138 91 51 4
2139 85 100 1
2140 24 0 1
2141 53 107 1
2142 84 101 3
2143 90 57 5
2144 86 26 4
2145 54 88 4
2146 79 31 3
2147 7 92 5
2148 93 116 2
2149 133 37 3
2150 57 55 4
2151 107 68 1
2152 28 82 3
2153 57 49 2
2154 36 30 1
2155 23 69 5
2156 5 67 1
2157 24 67 1
2158 131 131 1
2159 81 21 2
2160 44 64 3
2161 27 34 1
2162 22 117 5
2163 52 73 2
2164 61 37 4
2165 110 139 4
2166 20 26 3
2167 59 32 3
2168 82 64 4
2169 71 92 3
2170 100 124 3
2171 46 42 1
2172 57 128 4
2173 90 102 4
2174 82 139 1
2175 100 108 2
2176 60 9 1
2177 82 102 3
2178 62 107 5
2179 132 86 4
2180 113 14 3
2181 80 3 3
2182 133 91 5
2183 23 72 4
2184 65 105 3
2185 36 139 4
2186 116 2 1
2187 82 89 5
2188 134 122 3
2189 87 84 1
2190 1 136 3
2191 112 125 1
2192 132 121 5
2193 115 91 3
2194 37 83 4
2195 95 129 1
2196 53 66 4
2197 33 31 2
2198 66 31 5
2199 112 11 4
2200 12 85 4
2201 50 121 3
2202 89 131 4
2203 86 98 4
2204 103 67 1
2205 23 81 5
2206 106 59 1
2207 24 12 2
2208 106 66 5
2209 41 131 2
2210 83 136 1
2211 6 17 4
2212 32 92 3
2213 65 68 1
2214 54 49 4
2215 1 50 3
2216 120 140 4
2217 61 55 4
2218 47 103 5
2219 1 6 1
2220 18 40 4
2221 140 70 3
2222 107 126 2
2223 75 138 2
2224 130 63 5
2225 109 41 4
2226 138 129 3
2227 37 119 4
2228 35 72 2
2229 39 61 1
2230 129 11 5
2231 134 81 2
2232 0 105 2
2233 98 71 2
2234 47 107 2
2235 25 43 4
2236 60 64 1
2237 79 105 1
2238 78 40 3
2239 25 135 1
2240 26 42 3
2241 74 73 3
2242 61 19 3
2243 99 45 5
2244 125 40 4
2245 39 98 4
2246 99 26 1
2247 121 21 5
2248 96 22 5
2249 123 28 5
2250 63 48 1
2251 29 82 2
2252 22 128 4
2253 73 80 2
2254 35 7 3
2255 11 76 5
2256 126 52 4
2257 17 96 2
2258 87 124 1
2259 15 88 2
2260 109 136 3
2261 93 82 5
2262 101 39 4
2263 126 125 4
2264 19 134 5
2265 20 72 3
2266 88 20 5
2267 120 137 3
2268 4 131 5
2269 7 67 4
2270 59 58 4
2271 75 21 1
2272 132 10 3
2273 136 20 2
2274 36 77 4
2275 99 97 3
2276 123 95 4
2277 59 125 3
2278 40 21 1
2279 29 26 2
0 116 107
1 134 35
2 29 64
3 118 119
4 115 3
5 107 111
6 82 25
7 81 108
8 14 125
9 54 91
10 88 0
11 82 129
12 107 87
13 109 116
14 121 81
15 47 123
16 15 128
17 9 110
18 26 31
19 89 111
20 8 44
21 116 86
22 79 129
23 104 41
24 46 114
25 69 5
26 81 54
27 20 127
28 135 129
29 128 5
30 32 56
31 105 94
32 104 54
33 44 10
34 21 1
35 139 2
36 123 6
37 28 82
38 46 135
39 58 116
40 0 41
41 136 8
42 82 33
43 44 113
44 126 29
45 134 36
46 27 58
47 125 96
48 138 81
49 136 112
50 59 87
51 101 113
52 68 67
53 112 136
54 47 67
55 44 97
56 33 116
57 120 102
58 117 120
59 52 59
60 24 106
61 29 54
62 117 51
63 20 124
64 96 122
65 113 93
66 48 64
67 92 97
68 46 114
69 99 84
70 78 13
71 130 64
72 15 6
73 122 29
74 10 44
75 64 106
76 128 0
77 25 40
78 103 65
79 8 25
80 70 94
81 86 137
82 40 26
83 69 67
84 30 93
85 89 30
86 137 24
87 98 39
88 118 2
89 12 11
90 32 77
91 102 58
92 54 83
93 39 88
94 37 21
95 99 37
96 34 123
97 62 25
98 16 111
99 48 31
100 130 68
101 75 43
102 47 112
103 69 129
104 5 46
105 67 39
106 16 38
107 122 125
108 78 68
109 104 64
110 61 118
111 43 98
112 4 62
113 131 91
114 101 88
115 104 6
116 29 108
117 70 9
118 83 110
119 121 73
120 103 138
121 101 62
122 89 103
123 129 62
124 120 49
125 82 140
126 79 131
127 83 13
128 41 129
129 71 120
130 19 51
131 55 14
132 109 77
133 7 12
134 74 109
135 140 41
136 10 41
137 25 67
138 130 12
139 77 88
140 25 122
141 88 52
142 48 100
143 120 62
144 129 120
145 117 77
146 11 2
147 126 69
148 111 113
149 65 125
150 68 110
151 107 37
152 53 132
153 75 88
154 30 62
155 22 44
156 130 64
157 46 51
158 67 69
159 48 134
160 0 9
161 74 129
162 73 133
163 115 117
164 117 4
165 98 36
166 123 111
167 86 140
168 22 72
169 0 37
170 18 30
171 112 9
172 32 65
173 137 109
174 55 108
175 55 122
176 97 65
177 5 31
178 51 134
179 50 96
180 72 11
181 67 132
182 89 19
183 33 71
184 46 1
185 94 100
186 122 123
187 46 87
188 135 57
189 27 115
190 138 11
191 63 112
192 73 86
193 126 12
194 28 82
195 121 60
196 140 85
197 76 31
198 50 110
199 33 79
200 103 41
201 84 8
202 116 90
203 110 46
204 18 135
205 71 43
206 89 110
207 56 66
208 4 120
209 127 45
210 48 122
211 131 104
212 12 66
213 105 26
214 127 122
215 137 46
216 90 45
217 28 50
218 21 11
219 93 52
220 76 5
221 72 122
222 114 84
223 124 47
224 51 71
225 1 110
226 92 61
227 86 52
228 125 82
229 98 87
230 119 26
231 3 99
232 106 29
233 90 65
234 129 1
235 15 51
236 44 0
237 81 19
238 7 112
239 49 47
240 124 74
241 21 54
242 50 0
243 54 57
244 14 7
245 45 29
246 12 75
247 126 50
248 65 98
249 41 37
250 74 35
251 120 89
252 51 32
253 124 109
254 116 25
255 16 2
256 35 21
257 79 10
258 17 85
259 101 97
260 83 124
261 60 46
262 71 111
263 45 74
264 39 129
265 115 121
266 49 120
267 14 132
268 131 24
269 33 113
270 110 107
271 104 130
272 87 105
273 19 127
274 97 62
275 135 30
276 85 135
277 59 1
278 90 111
279 93 92
280 60 78
281 122 13
282 87 138
283 140 46
284 63 86
285 83 98
286 98 1
287 103 121
288 24 59
289 110 65
290 48 44
291 49 62
292 101 7
293 119 46
294 57 138
295 61 129
296 19 60
297 74 93
298 36 92
299 119 118
300 58 75
301 136 17
302 54 18
303 90 98
304 24 35
305 12 98
306 138 11
307 140 22
308 37 28
309 73 116
310 10 63
311 24 1
312 127 6
313 119 102
314 96 108
315 124 64
316 117 84
317 50 94
318 13 68
319 16 48
320 56 75
321 114 60
322 47 98
323 81 76
324 124 2
325 60 73
326 127 123
327 99 60
328 25 102
329 135 53
330 40 18
331 52 113
332 13 5
333 98 20
334 32 90
335 137 7
336 66 71
337 5 19
338 71 66
339 40 109
340 16 129
341 46 128
342 50 69
343 55 92
344 70 136
345 31 73
346 117 75
347 21 8
348 36 88
349 89 41
350 108 14
351 5 35
352 116 33
353 105 41
354 132 56
355 45 64
356 36 9
357 92 82
358 101 103
359 37 72
360 42 101
361 114 30
362 136 77
363 67 62
364 110 49
365 26 102
366 120 125
367 34 118
368 124 19
369 96 136
370 130 43
371 84 56
372 98 115
373 105 118
374 101 69
375 60 55
376 78 10
377 19 130
378 2 102
379 15 125
380 60 19
381 21 70
382 4 136
383 85 83
384 38 70
385 98 39
386 45 114
387 5 65
388 72 106
389 67 91
390 82 108
391 9 109
392 81 64
393 97 124
394 59 12
395 89 136
396 135 91
397 121 9
398 66 12
399 82 12
400 34 114
401 62 73
402 16 139
403 9 128
404 131 112
405 64 140
406 139 127
407 79 121
408 29 68
409 3 98
410 29 99
411 134 126
412 126 2
413 19 57
414 2 124
415 89 8
416 103 4
417 109 0
418 74 86
419 106 55
420 90 24
421 90 131
422 7 80
423 94 98
424 127 64
425 129 58
426 116 23
427 5 32
428 30 29
429 122 56
430 49 54
431 15 89
432 64 67
433 109 28
434 88 2
435 31 9
436 49 24
437 26 83
438 35 17
439 13 106
440 59 81
441 71 43
442 1 116
443 139 74
444 34 137
445 51 124
446 100 135
447 8 135
448 36 12
449 41 137
450 106 72
451 107 113
452 21 35
453 68 119
454 85 3
455 116 114
456 15 48
457 85 102
458 95 89
459 116 67
460 111 122
461 73 139
462 62 51
463 63 2
464 79 6
465 132 21
466 123 109
467 93 32
468 140 101
469 87 13
470 1 101
471 20 125
472 9 140
473 115 112
474 133 20
475 39 30
476 64 88
477 28 92
478 102 135
479 18 27
480 7 36
481 49 3
482 114 75
483 41 18
484 61 32
485 110 121
486 137 115
487 136 8
488 129 4
489 0 81
490 56 85
491 37 54
492 38 74
493 94 110
494 54 42
495 132 13
496 94 123
497 140 96
498 103 0
499 128 120
500 111 26
501 88 90
502 129 64
503 124 89
504 64 32
505 17 133
506 39 53
507 61 49
508 133 1
509 36 55
510 134 34
511 38 74
512 27 78
513 57 93
514 97 98
515 18 124
516 88 23
517 43 88
518 37 32
519 121 65
520 71 69
521 72 34
522 70 59
523 64 43
524 103 49
525 96 14
526 2 58
527 21 48
528 32 17
529 20 17
530 123 75
531 108 62
532 120 24
533 127 24
534 80 25
535 23 42
536 135 39
537 36 11
538 58 44
539 109 16
540 54 72
541 53 106
542 14 131
543 97 80
544 26 75
545 18 133
546 122 123
